1 1 1 0.3 0.781
2 1 1 0.7 -0.949
3 1 1 0 -0.993
4 1 1 0.1 -1.192
5 1 1 1.2 -1.084
6 1 1 0.5 -0.555
7 1 1 -0.4 -0.622
8 1 1 0.6 0.026
9 1 1 0.8 -2.813
10 1 1 1.6 -1.492
11 1 1 2 -1.035
12 1 1 0.6 -1.125
13 1 1 -1.4 -0.466
14 1 1 0.5 0.227
15 1 1 0.8 -0.848
16 1 1 0.4 -1.132
17 1 1 -1.2 -1.296
18 1 1 1.8 -0.776
19 1 1 -0.7 -1.093
20 1 1 0.1 0.197
21 1 1 2.3 -0.516
22 1 1 -0.5 -1.259
23 1 1 0.8 0.902
24 1 1 0.2 0.422
25 1 1 -0.6 -0.037
26 1 1 0.4 -0.593
27 1 1 -1 -2.521
28 1 1 -1 -0.936
29 1 1 0.7 -2.031
30 1 1 0.4 -0.668
31 1 1 0 -1.612
32 1 1 0.7 1.31
33 1 1 -1.4 -0.608
34 1 1 0.3 -0.161
35 1 1 -0.5 -2.17
36 1 1 -2.2 -2.121
37 1 1 1.1 0.742
38 1 1 -0.2 -1.609
39 1 1 -0.2 0.684
40 1 1 -0.2 -0.52
41 1 1 -2.1 -0.411
42 1 1 0.3 -1.344
43 1 1 -0.6 -1.178
44 1 1 1.4 0.286
45 1 1 1.4 -0.34
46 1 1 0.5 0.218
47 1 1 -0.8 -0.407
48 1 1 -1.5 -1.669
49 1 1 0 0.22
50 1 1 1.1 -0.848
1 2 1 -0.6 -1.131
2 2 1 -0.2 -0.206
3 2 1 0.5 0.717
4 2 1 -0.9 -1.25
5 2 1 -0.3 -1.043
6 2 1 -0.3 0.743
7 2 1 1.7 0.087
8 2 1 0.6 -1.408
9 2 1 1.5 -1.576
10 2 1 0.4 -2.176
11 2 1 0.1 -2.241
12 2 1 0.5 0.126
13 2 1 0.5 0.464
14 2 1 1 -0.471
15 2 1 -0.6 -1.124
16 2 1 -2.3 0.01
17 2 1 0.8 -0.668
18 2 1 -0.7 -0.632
19 2 1 0.1 -1.689
20 2 1 0 -0.538
21 2 1 1.8 0.664
22 2 1 -1 -0.8
23 2 1 -0.1 0.712
24 2 1 -0.2 0.849
25 2 1 -1.2 -1.307
26 2 1 1.4 0.394
27 2 1 -0.9 -1.563
28 2 1 -1.3 -0.563
29 2 1 1 -1.502
30 2 1 -0.9 -1.048
31 2 1 -1.4 -1.973
32 2 1 0.5 1.095
33 2 1 0.5 -0.622
34 2 1 -0.7 -0.482
35 2 1 0 -1.613
36 2 1 -1 -1.197
37 2 1 -0.9 -1.532
38 2 1 -1.4 -1.768
39 2 1 0 1.151
40 2 1 1 -0.194
41 2 1 0.1 -0.222
42 2 1 1.5 -1.397
43 2 1 0.4 0.469
44 2 1 -0.3 0.915
45 2 1 -0.7 -0.833
46 2 1 -0.1 -0.35
47 2 1 -0.1 0.182
48 2 1 1.5 -0.996
49 2 1 0.9 -0.66
50 2 1 1 1.149
1 3 1 1.3 -0.286
2 3 1 -0.1 -0.282
3 3 1 0.5 -0.662
4 3 1 1.7 0.538
5 3 1 -0.5 -1.115
6 3 1 0 -1.052
7 3 1 0.1 0.975
8 3 1 0 0.351
9 3 1 -1.5 -2.215
10 3 1 0.3 -2.237
11 3 1 -1.2 -3.178
12 3 1 -0.9 -1.188
13 3 1 -1 -0.36
14 3 1 1 -0.659
15 3 1 -0.1 -0.512
16 3 1 1.3 -0.515
17 3 1 -1 -1.937
18 3 1 0.2 -0.383
19 3 1 -0.2 -1.124
20 3 1 0.6 -1.216
21 3 1 1.7 0.24
22 3 1 -0.2 -1.192
23 3 1 -0.6 0.445
24 3 1 -0.8 0.313
25 3 1 0.3 0.188
26 3 1 -0.1 -0.685
27 3 1 1.1 -1.216
28 3 1 0.7 0.151
29 3 1 -1.1 -0.979
30 3 1 -0.8 0.362
31 3 1 0.8 -0.262
32 3 1 -1.4 0.238
33 3 1 -1 -0.968
34 3 1 -0.6 -0.83
35 3 1 -1.4 -0.65
36 3 1 0.9 -1.662
37 3 1 -1.9 -1.875
38 3 1 2.6 0.653
39 3 1 0.3 1.031
40 3 1 -0.8 -0.997
41 3 1 -0.3 0.26
42 3 1 2 -1.903
43 3 1 0.5 -0.042
44 3 1 0.1 0.704
45 3 1 -0.4 -1.11
46 3 1 0.1 -1.148
47 3 1 -0.1 0.588
48 3 1 1.4 -1.575
49 3 1 -0.9 -0.332
50 3 1 0.4 -0.144
1 4 1 -0.9 -0.145
2 4 1 0.3 0.055
3 4 1 0.6 -0.844
4 4 1 0.6 -1.185
5 4 1 -2.2 -2.062
6 4 1 1.1 0.376
7 4 1 -0.2 -0.02
8 4 1 0.4 0.35
9 4 1 0.3 -1.092
10 4 1 -1.2 -2.26
11 4 1 1.5 -1.615
12 4 1 0.3 -0.497
13 4 1 -1.4 -0.421
14 4 1 0.2 -1.813
15 4 1 0.8 0.242
16 4 1 0 -0.004
17 4 1 -0.7 -0.324
18 4 1 1.4 0.006
19 4 1 0.7 -1.446
20 4 1 -0.2 -0.333
21 4 1 0.5 1.31
22 4 1 -0.1 -1.592
23 4 1 -1.2 -0.627
24 4 1 -0.3 0.523
25 4 1 -0.3 1.511
26 4 1 2.6 -0.284
27 4 1 -1.3 -1.561
28 4 1 -0.1 -0.842
29 4 1 -0.9 -0.343
30 4 1 -0.5 -1.272
31 4 1 0 -1.106
32 4 1 -0.4 0.866
33 4 1 -0.8 -1.53
34 4 1 0.3 -0.595
35 4 1 0.2 -0.949
36 4 1 -0.1 -0.874
37 4 1 0.3 0.622
38 4 1 -1.7 0.315
39 4 1 0.4 1.325
40 4 1 0.4 -0.974
41 4 1 1.4 -0.207
42 4 1 0.3 -1.485
43 4 1 -0.8 -0.511
44 4 1 0 0.37
45 4 1 -1 -1.205
46 4 1 -1.7 -0.948
47 4 1 -0.7 -0.137
48 4 1 0.9 -1.435
49 4 1 -0.8 0.028
50 4 1 0.4 0.75
1 5 1 -1.2 -0.499
2 5 1 -0.2 -0.376
3 5 1 0.5 -0.15
4 5 1 -0.8 -0.706
5 5 1 0.3 -1.741
6 5 1 -1.2 -0.18
7 5 1 -0.5 -0.314
8 5 1 -0.2 -0.486
9 5 1 0 -1.348
10 5 1 0.3 -2.118
11 5 1 -0.6 -1.958
12 5 1 -1.2 -1.789
13 5 1 -1 -0.844
14 5 1 -0.7 -0.719
15 5 1 0.2 -0.397
16 5 1 1.1 -0.181
17 5 1 1.1 -0.219
18 5 1 0.7 -1.372
19 5 1 -0.4 -0.178
20 5 1 -0.2 -2.43
21 5 1 2.6 0.167
22 5 1 -1 -0.794
23 5 1 0.3 0.079
24 5 1 0.8 0.752
25 5 1 -0.1 0.803
26 5 1 -1.2 -2.021
27 5 1 -1.1 -1.365
28 5 1 0.3 0.185
29 5 1 -0.9 -1.477
30 5 1 0 -0.354
31 5 1 1.3 -1.365
32 5 1 0.3 1.161
33 5 1 -1 0.411
34 5 1 1.6 -0.021
35 5 1 0.2 -0.951
36 5 1 -0.6 -0.548
37 5 1 -0.3 0.42
38 5 1 -1.3 -0.02
39 5 1 -0.4 -0.729
40 5 1 0.6 -0.175
41 5 1 -1.1 0.363
42 5 1 -2.4 -2.922
43 5 1 0.3 -0.096
44 5 1 -0.7 -0.194
45 5 1 0.8 0.524
46 5 1 -0.3 -0.495
47 5 1 1 0.856
48 5 1 0 -0.578
49 5 1 0.3 -0.405
50 5 1 1.3 0.378
1 6 1 0.7 -0.185
2 6 1 0.9 -0.855
3 6 1 0.3 0.144
4 6 1 -2.2 -1.52
5 6 1 0.8 -0.916
6 6 1 -0.6 0.01
7 6 1 -1.8 -0.03
8 6 1 0.5 1.256
9 6 1 1.3 -2.082
10 6 1 0.3 -1.948
11 6 1 1.5 -1.713
12 6 1 -0.5 -0.736
13 6 1 0.8 -0.574
14 6 1 -0.3 -0.591
15 6 1 1.2 -0.387
16 6 1 -1.2 -1.419
17 6 1 -1 -1.568
18 6 1 -0.9 0.13
19 6 1 1.1 -1.515
20 6 1 0 -0.629
21 6 1 0.8 0.524
22 6 1 0.2 0.527
23 6 1 -1.5 -0.649
24 6 1 0.7 1.307
25 6 1 -1.9 0.185
26 6 1 -0.6 -0.764
27 6 1 1.2 0.295
28 6 1 2.3 -0.455
29 6 1 -1.4 -0.6
30 6 1 0.7 0.291
31 6 1 0.3 -1.331
32 6 1 -1.5 0.463
33 6 1 0 -0.206
34 6 1 1.6 0.404
35 6 1 0.3 -1.293
36 6 1 -1.1 -1.366
37 6 1 -1.1 0.054
38 6 1 2 -0.118
39 6 1 1.3 0.164
40 6 1 -0.6 0.973
41 6 1 -0.1 0.928
42 6 1 0.8 -1.755
43 6 1 0.9 -1.863
44 6 1 -0.2 0.556
45 6 1 0 -0.025
46 6 1 3 -0.92
47 6 1 -0.7 0.452
48 6 1 -0.5 -1.021
49 6 1 1.9 -0.681
50 6 1 -1.1 -0.824
1 7 1 -1 -1.181
2 7 1 -1.3 -1.213
3 7 1 -1.2 -0.007
4 7 1 -0.3 -1.127
5 7 1 -0.3 -1.839
6 7 1 -0.2 -0.332
7 7 1 -0.7 -0.025
8 7 1 1.8 1.98
9 7 1 0 -1.691
10 7 1 -0.7 -1.328
11 7 1 -0.7 -1.14
12 7 1 -0.8 -0.589
13 7 1 -0.7 -0.292
14 7 1 -2 -1.67
15 7 1 -0.9 -0.912
16 7 1 -0.3 -0.836
17 7 1 -0.4 -0.26
18 7 1 0.4 -0.282
19 7 1 -1.4 -0.774
20 7 1 -0.2 -0.015
21 7 1 0.6 -0.593
22 7 1 -0.8 -0.836
23 7 1 -0.3 -0.118
24 7 1 0.1 2.32
25 7 1 -0.6 -0.437
26 7 1 -1.3 -0.327
27 7 1 -1.1 -1.911
28 7 1 -1.5 0.16
29 7 1 1.7 -0.805
30 7 1 0.8 -0.846
31 7 1 0.5 -1.649
32 7 1 -0.6 -0.892
33 7 1 1.1 -0.385
34 7 1 2.2 -0.363
35 7 1 -1 -1.661
36 7 1 0.1 -1.865
37 7 1 -1.4 0.402
38 7 1 1.8 -0.416
39 7 1 0.2 0.1
40 7 1 0.1 -1.254
41 7 1 -0.6 0.662
42 7 1 -3 -2.612
43 7 1 0.6 0.332
44 7 1 1.9 0.583
45 7 1 -0.3 -0.729
46 7 1 0.4 -0.271
47 7 1 -1.5 -0.595
48 7 1 -0.6 -1.217
49 7 1 -0.6 0.488
50 7 1 -1.1 -0.052
1 8 1 0.2 0.551
2 8 1 0.6 -0.39
3 8 1 1.4 -0.591
4 8 1 -0.1 -2.346
5 8 1 -2.1 -1.268
6 8 1 1.2 0.248
7 8 1 0.2 1.074
8 8 1 -0.5 -0.137
9 8 1 -1.9 -2.377
10 8 1 0.5 -0.148
11 8 1 -0.8 -3.222
12 8 1 -1.3 0.318
13 8 1 -3.3 -1.371
14 8 1 -0.9 -0.569
15 8 1 -0.9 -1.301
16 8 1 -1.7 -0.878
17 8 1 0.3 -0.894
18 8 1 -1.5 -1.431
19 8 1 -2.2 -2.553
20 8 1 2 -0.504
21 8 1 -0.6 -0.377
22 8 1 -2.2 -1.567
23 8 1 1.5 0.364
24 8 1 0.6 1.907
25 8 1 0 0.738
26 8 1 1.4 -0.248
27 8 1 -0.8 -1.281
28 8 1 -0.8 -0.709
29 8 1 -1.5 -1.053
30 8 1 -0.7 0.178
31 8 1 0.9 -1.346
32 8 1 0.9 1.191
33 8 1 0 0.993
34 8 1 1.8 0.341
35 8 1 0.6 -0.947
36 8 1 -0.5 -1.248
37 8 1 -2.6 -1.525
38 8 1 0 -0.496
39 8 1 1.6 0.377
40 8 1 0.5 -0.836
41 8 1 0.3 -0.474
42 8 1 -0.4 -2.767
43 8 1 -0.8 -1.406
44 8 1 0.6 0.736
45 8 1 1 0.21
46 8 1 -1.6 0.534
47 8 1 0.2 -1.508
48 8 1 0.8 -1.31
49 8 1 1.5 -0.592
50 8 1 -0.6 -0.971
1 9 1 0.5 -0.466
2 9 1 1.3 -0.024
3 9 1 0.7 -0.993
4 9 1 1.3 -0.787
5 9 1 0.1 -1.388
6 9 1 -1 0.138
7 9 1 -1.4 0.103
8 9 1 0.4 1.004
9 9 1 0.6 -1.426
10 9 1 -0.1 -0.725
11 9 1 0.2 -2.122
12 9 1 1.3 -0.746
13 9 1 -1.9 -1.01
14 9 1 -2.4 -0.568
15 9 1 1.5 -1.259
16 9 1 1.5 -1.04
17 9 1 1.5 -1.682
18 9 1 1.2 -1.312
19 9 1 1.6 -0.338
20 9 1 -0.9 -1.074
21 9 1 -0.4 0.548
22 9 1 -0.8 -0.495
23 9 1 0.3 -0.621
24 9 1 0.8 0.51
25 9 1 0.5 0.333
26 9 1 0 -0.739
27 9 1 -0.2 -1.154
28 9 1 0.1 -0.541
29 9 1 -0.7 -2.029
30 9 1 0.3 -0.948
31 9 1 0.4 -0.947
32 9 1 -0.1 0.794
33 9 1 2 -0.03
34 9 1 1 -1.141
35 9 1 0.5 -1.255
36 9 1 1.5 -0.985
37 9 1 1.7 -0.433
38 9 1 1.1 -1.604
39 9 1 -1.4 -1.109
40 9 1 -1.2 -0.879
41 9 1 0.3 0.389
42 9 1 0.1 -2.055
43 9 1 1.8 -0.502
44 9 1 1.4 1.026
45 9 1 -1.7 -0.639
46 9 1 1.1 0.197
47 9 1 -0.3 0.406
48 9 1 -0.4 -1.884
49 9 1 -1.2 -1.171
50 9 1 -0.3 0.024
1 10 1 -0.4 -0.577
2 10 1 0 -0.895
3 10 1 1.6 0.014
4 10 1 -0.2 -1.121
5 10 1 -1 -1.121
6 10 1 -0.3 -1.407
7 10 1 0.9 -0.881
8 10 1 0 0.259
9 10 1 0.8 -0.38
10 10 1 0.5 -1.334
11 10 1 -0.7 -2.622
12 10 1 0 1.117
13 10 1 -0.1 0.343
14 10 1 0.5 -0.278
15 10 1 0.5 -0.275
16 10 1 -0.2 -1.823
17 10 1 -0.3 -2.721
18 10 1 0.1 -1.971
19 10 1 -1.2 -1.292
20 10 1 0.1 -0.401
21 10 1 -0.4 -0.695
22 10 1 0.6 0.197
23 10 1 -0.7 -0.305
24 10 1 -1 0.863
25 10 1 1.9 0.454
26 10 1 0.1 -0.258
27 10 1 -1.6 -1.448
28 10 1 -1.2 -0.926
29 10 1 -0.3 -1.809
30 10 1 0.8 0.17
31 10 1 0.2 -2.083
32 10 1 0 -0.667
33 10 1 0.3 -0.853
34 10 1 -0.2 -0.066
35 10 1 0.4 -0.028
36 10 1 -0.6 -1.358
37 10 1 0.1 -0.151
38 10 1 0.5 -0.313
39 10 1 0.4 0.98
40 10 1 -2.2 -0.632
41 10 1 0 0.388
42 10 1 -0.7 -1.735
43 10 1 0.1 -0.813
44 10 1 -0.5 -0.121
45 10 1 -1.1 -0.945
46 10 1 0.2 -0.28
47 10 1 0.3 0.36
48 10 1 0.3 -0.465
49 10 1 0.6 0.589
50 10 1 -0.4 1.127
1 11 1 -0.1 -0.379
2 11 1 -0.1 -1.295
3 11 1 0.1 -0.268
4 11 1 1.9 -0.493
5 11 1 -0.2 -1.048
6 11 1 -0.3 0.616
7 11 1 -0.1 -0.136
8 11 1 1.3 0.278
9 11 1 2.3 -1.982
10 11 1 0.6 -0.289
11 11 1 0 -2.818
12 11 1 0.2 0.74
13 11 1 -1.3 -1.291
14 11 1 1.5 -0.186
15 11 1 -0.8 -0.65
16 11 1 0.4 -0.425
17 11 1 1 0.124
18 11 1 0.6 -1.077
19 11 1 -1.5 -1.188
20 11 1 -0.9 -0.188
21 11 1 1.3 -0.605
22 11 1 0.6 -0.641
23 11 1 0.3 -1.321
24 11 1 -0.8 1.163
25 11 1 -0.1 -1.322
26 11 1 0.5 0.246
27 11 1 -0.6 -1.009
28 11 1 -0.9 -0.126
29 11 1 -1.4 -1.154
30 11 1 0.1 -1.102
31 11 1 -0.4 -2.621
32 11 1 -1.4 0.327
33 11 1 0.8 0.909
34 11 1 -0.3 -0.756
35 11 1 -0.1 -1.169
36 11 1 1.4 -1.705
37 11 1 1.1 1.262
38 11 1 0.3 -1.05
39 11 1 0.9 -0.395
40 11 1 0.2 0.751
41 11 1 -1.7 0.769
42 11 1 -0.1 -2.105
43 11 1 -1.8 -1.377
44 11 1 0.6 -1.008
45 11 1 0.2 -0.094
46 11 1 0.3 -0.644
47 11 1 -0.3 -0.393
48 11 1 -0.2 -0.584
49 11 1 0.5 0.299
50 11 1 -1 -0.242
1 12 1 -0.3 -0.005
2 12 1 -0.7 -0.329
3 12 1 0.2 -0.417
4 12 1 0.8 -1.492
5 12 1 -0.6 -1.052
6 12 1 -0.2 -0.754
7 12 1 0.9 0.847
8 12 1 1.2 0.65
9 12 1 -0.8 -1.798
10 12 1 1.5 -0.096
11 12 1 1.4 -2.543
12 12 1 1.5 -1.327
13 12 1 0.6 -0.165
14 12 1 0.7 -0.813
15 12 1 1 -1.468
16 12 1 0.4 -0.617
17 12 1 0.5 0.017
18 12 1 0.5 -1.326
19 12 1 -1.1 -0.615
20 12 1 1.6 -0.425
21 12 1 -1.5 -0.845
22 12 1 -0.9 -0.268
23 12 1 -0.1 0.157
24 12 1 -0.9 -0.516
25 12 1 -1.5 -1.482
26 12 1 3.1 -1.46
27 12 1 0.6 -1.083
28 12 1 0.4 0.146
29 12 1 0.6 -1.89
30 12 1 -0.5 -1.903
31 12 1 0.5 -2.238
32 12 1 0.7 0.171
33 12 1 -1.5 0.303
34 12 1 0.4 -0.41
35 12 1 -0.3 -2.16
36 12 1 -0.7 -1.995
37 12 1 0 -1.359
38 12 1 -1.2 -1.811
39 12 1 -1.2 0.145
40 12 1 2 -0.504
41 12 1 -1.5 0.426
42 12 1 -1.4 -2.878
43 12 1 1.1 -1.013
44 12 1 0.6 0.742
45 12 1 -0.1 -0.102
46 12 1 -0.9 -0.875
47 12 1 0.4 0.392
48 12 1 3 1.089
49 12 1 1.4 0.308
50 12 1 0.3 0.145
1 13 1 0.9 -0.904
2 13 1 -0.9 -0.552
3 13 1 1.1 0.318
4 13 1 -0.9 -0.4
5 13 1 2 0.418
6 13 1 2.9 -1.106
7 13 1 0.8 0.572
8 13 1 0.9 0.913
9 13 1 -0.3 -1.982
10 13 1 0.3 -0.901
11 13 1 0.2 -2.745
12 13 1 1.7 -0.733
13 13 1 0.5 -0.024
14 13 1 1.3 0.436
15 13 1 0.5 -0.488
16 13 1 -1.2 -1.617
17 13 1 0.7 -0.973
18 13 1 -0.9 -1.41
19 13 1 0 0.112
20 13 1 1 -1.468
21 13 1 -0.3 0.103
22 13 1 0.4 -0.799
23 13 1 0.8 0.312
24 13 1 -0.8 0.787
25 13 1 -0.2 -0.304
26 13 1 -0.6 -1.14
27 13 1 1.4 -2.406
28 13 1 -0.3 -0.68
29 13 1 -1.2 -0.733
30 13 1 -1.7 -0.591
31 13 1 -0.4 -1.111
32 13 1 -1.1 0.787
33 13 1 -0.7 0.355
34 13 1 -1.3 -0.864
35 13 1 -0.3 -0.212
36 13 1 -1 -0.879
37 13 1 0.5 -0.361
38 13 1 1.5 -0.403
39 13 1 0.2 -1.341
40 13 1 -0.4 -0.02
41 13 1 0.9 0.138
42 13 1 1 -2.351
43 13 1 -0.3 -0.809
44 13 1 0.5 0.022
45 13 1 0.8 -1.209
46 13 1 0.5 -0.911
47 13 1 1.3 -0.316
48 13 1 -1.1 -2.17
49 13 1 -1.3 0.031
50 13 1 -0.1 0.575
1 14 1 0.1 -0.409
2 14 1 0.6 -0.249
3 14 1 1.6 -0.667
4 14 1 -0.5 -1.136
5 14 1 0.9 -1.766
6 14 1 -0.3 -0.526
7 14 1 -1.4 -0.244
8 14 1 -0.4 -0.022
9 14 1 1.6 -0.061
10 14 1 -1.3 -2.025
11 14 1 0.1 -1.263
12 14 1 -1 -2.796
13 14 1 0.6 0.027
14 14 1 -1.1 -0.946
15 14 1 -1.4 -0.788
16 14 1 -1.5 -0.541
17 14 1 -0.9 -0.632
18 14 1 2.4 0.543
19 14 1 -0.4 -2.136
20 14 1 0.9 0.244
21 14 1 1.8 0.749
22 14 1 -0.2 0.793
23 14 1 -0.3 0.317
24 14 1 -1.6 -0.741
25 14 1 -0.6 0.627
26 14 1 1.2 -1.374
27 14 1 1.9 -0.997
28 14 1 1.9 0.612
29 14 1 1.7 -0.009
30 14 1 0.7 0.07
31 14 1 0.1 -0.84
32 14 1 0.2 0.053
33 14 1 0.8 -0.127
34 14 1 -0.6 -1.505
35 14 1 -1.9 -0.717
36 14 1 1 -1.116
37 14 1 0.6 -1.05
38 14 1 0.9 0.218
39 14 1 0.3 -0.63
40 14 1 0.7 -0.605
41 14 1 0 0.315
42 14 1 1.6 -1.358
43 14 1 0.8 -1.469
44 14 1 0.2 0.441
45 14 1 -0.6 0.199
46 14 1 -0.8 -0.39
47 14 1 0.3 -0.7
48 14 1 -0.4 -0.56
49 14 1 -0.1 -0.425
50 14 1 -1.1 -0.086
1 15 1 2.2 0.152
2 15 1 -1.9 -1.668
3 15 1 0 -0.261
4 15 1 -0.2 -0.905
5 15 1 0.5 -0.611
6 15 1 0.7 -0.248
7 15 1 -1.2 -0.034
8 15 1 2 0.857
9 15 1 -1.8 -1.579
10 15 1 -1.2 -2.019
11 15 1 1.6 -2.344
12 15 1 0.6 -0.758
13 15 1 -0.8 -1.682
14 15 1 0.4 -1.407
15 15 1 -1 -0.912
16 15 1 -0.4 -0.295
17 15 1 -0.7 -0.548
18 15 1 -0.4 -1.105
19 15 1 -2.2 -1.427
20 15 1 0.3 -1.367
21 15 1 0.3 -1.36
22 15 1 -0.6 -1.851
23 15 1 -0.7 -0.879
24 15 1 0.2 -0.256
25 15 1 1.3 0.258
26 15 1 0.3 0.389
27 15 1 -0.2 -1.377
28 15 1 -1.3 -0.431
29 15 1 0.9 -1.198
30 15 1 -1.2 -1.026
31 15 1 0 -1.13
32 15 1 -0.5 -0.648
33 15 1 0 -0.476
34 15 1 -0.4 -0.993
35 15 1 0.5 -0.832
36 15 1 -0.9 -1.322
37 15 1 -0.3 0.365
38 15 1 -0.2 -0.234
39 15 1 1.2 0.238
40 15 1 -1.3 -0.129
41 15 1 0.5 0.646
42 15 1 -0.6 -2.26
43 15 1 1.5 -0.876
44 15 1 0.1 0.345
45 15 1 0 -0.551
46 15 1 1.6 -1.178
47 15 1 0.2 0.661
48 15 1 -0.2 -0.874
49 15 1 0.5 0.03
50 15 1 0.7 -0.308
1 16 1 0.7 -1.253
2 16 1 -2.5 -0.109
3 16 1 1.2 -0.343
4 16 1 2 0.033
5 16 1 -0.1 -1.711
6 16 1 -0.1 0.803
7 16 1 -0.5 -0.783
8 16 1 -0.2 0.139
9 16 1 -0.9 -2.203
10 16 1 0.1 -0.416
11 16 1 1.1 -0.557
12 16 1 0.1 -0.298
13 16 1 0.2 -0.53
14 16 1 0.1 -0.591
15 16 1 -0.5 -1.848
16 16 1 0.7 -0.575
17 16 1 1.4 -0.584
18 16 1 0.2 -0.988
19 16 1 -0.6 -2.472
20 16 1 0.5 0.056
21 16 1 -1.3 -0.948
22 16 1 0.8 -0.851
23 16 1 0.9 -0.636
24 16 1 0.7 -0.435
25 16 1 0.3 0.125
26 16 1 1 -0.653
27 16 1 0.3 -1.417
28 16 1 -0.1 1.281
29 16 1 1.8 -1.271
30 16 1 0.4 -0.204
31 16 1 0.4 -2.533
32 16 1 1 1.447
33 16 1 1 0.489
34 16 1 -0.1 0.441
35 16 1 -0.4 -1.702
36 16 1 0 -1.121
37 16 1 0.7 0.126
38 16 1 0 -0.749
39 16 1 1.1 0.691
40 16 1 0.8 0.82
41 16 1 1.5 -0.517
42 16 1 1.8 -2.164
43 16 1 1.7 -0.112
44 16 1 1 0.165
45 16 1 1.5 -1.013
46 16 1 -0.3 -0.41
47 16 1 -2 -1.388
48 16 1 -0.6 -1.928
49 16 1 -0.3 0.428
50 16 1 0.4 0.061
1 17 1 0.8 0.104
2 17 1 0.4 -0.783
3 17 1 0.1 -0.246
4 17 1 1.1 -0.967
5 17 1 -0.2 -1.707
6 17 1 0.4 0.917
7 17 1 -1.6 -0.642
8 17 1 -2 -0.485
9 17 1 -0.7 -1.669
10 17 1 -0.2 -2.48
11 17 1 1.3 -2.038
12 17 1 -0.4 -1.607
13 17 1 -0.7 -0.114
14 17 1 -0.2 -1.439
15 17 1 -0.4 -1.043
16 17 1 -1.7 -1.6
17 17 1 -0.5 -0.791
18 17 1 1 -0.925
19 17 1 0 -0.759
20 17 1 -0.4 -0.286
21 17 1 -0.2 0.181
22 17 1 -0.2 -0.698
23 17 1 1.7 -0.764
24 17 1 -0.1 -0.292
25 17 1 -0.5 0.284
26 17 1 0 -0.133
27 17 1 0.8 -2.166
28 17 1 -0.1 -0.101
29 17 1 -0.2 -0.364
30 17 1 -0.4 -1.51
31 17 1 -1.9 -2.331
32 17 1 0.4 0.006
33 17 1 -0.5 0.622
34 17 1 -0.3 -0.892
35 17 1 -0.5 -0.999
36 17 1 -0.9 -1.907
37 17 1 0.1 -0.393
38 17 1 0.5 -0.228
39 17 1 -0.9 1.098
40 17 1 -0.6 0.88
41 17 1 0 0.355
42 17 1 0.4 -1.895
43 17 1 0.5 -1.001
44 17 1 2.6 1.642
45 17 1 0.5 0.52
46 17 1 -0.8 -0.604
47 17 1 -0.5 1.222
48 17 1 -0.2 -1.252
49 17 1 0.9 -1.465
50 17 1 -0.8 -1.734
1 18 1 -0.4 -0.547
2 18 1 1.9 -1.6
3 18 1 0.5 0.293
4 18 1 -0.4 -0.268
5 18 1 1.7 -2.056
6 18 1 -1.6 -1.275
7 18 1 0.6 -0.451
8 18 1 1.1 0.815
9 18 1 1 -0.545
10 18 1 -1.1 -1.581
11 18 1 -0.2 -3.451
12 18 1 0.2 -1.252
13 18 1 -0.2 -1.281
14 18 1 -0.8 -0.335
15 18 1 -1.3 -1.891
16 18 1 1.2 -1.947
17 18 1 -0.1 -1.079
18 18 1 1.9 -0.776
19 18 1 0.2 -1.078
20 18 1 2.2 -0.062
21 18 1 -0.1 0.029
22 18 1 -0.2 -0.923
23 18 1 0.6 -0.4
24 18 1 0.4 -0.543
25 18 1 -0.4 -0.404
26 18 1 0.1 -0.631
27 18 1 0.6 -1.89
28 18 1 -0.2 -0.644
29 18 1 0.3 -1.309
30 18 1 0.5 -0.575
31 18 1 1.2 -1.542
32 18 1 0.4 0.3
33 18 1 0.7 0.641
34 18 1 0.8 -0.711
35 18 1 0.8 0.125
36 18 1 0.5 -1.051
37 18 1 1.1 -0.678
38 18 1 -0.4 -0.691
39 18 1 0.1 0.263
40 18 1 -1 -1.44
41 18 1 -0.1 -0.44
42 18 1 -0.7 -3.032
43 18 1 0.3 0.28
44 18 1 -0.7 0.405
45 18 1 0 -0.015
46 18 1 0.8 -0.463
47 18 1 -0.5 -0.115
48 18 1 0.2 -2.64
49 18 1 -1.4 -1.167
50 18 1 -1.6 -0.115
1 19 1 -1.8 -1.263
2 19 1 -0.3 -1.035
3 19 1 0.2 0.244
4 19 1 1.3 -0.552
5 19 1 -0.3 -0.978
6 19 1 0 -1.01
7 19 1 0.9 0.371
8 19 1 0.6 1.341
9 19 1 -0.1 -1.353
10 19 1 -0.5 -1.424
11 19 1 1.7 -1.203
12 19 1 -1 0.464
13 19 1 0 -2.57
14 19 1 -0.7 -0.986
15 19 1 0.5 -1.024
16 19 1 1.7 -1.594
17 19 1 -2 -1.837
18 19 1 2.5 -1.16
19 19 1 -0.2 -1.519
20 19 1 0.1 -1.179
21 19 1 -1.6 -0.564
22 19 1 -0.7 -0.384
23 19 1 1.3 0.591
24 19 1 -0.4 0.708
25 19 1 0.2 0.573
26 19 1 -1.3 -0.975
27 19 1 -0.8 -1.237
28 19 1 2.1 0.556
29 19 1 -1 -1.393
30 19 1 0.5 -0.616
31 19 1 0.3 -1.791
32 19 1 -0.3 0.401
33 19 1 0.2 -2.182
34 19 1 0.6 0.201
35 19 1 0.9 0.299
36 19 1 -0.3 -1.986
37 19 1 0 -1.125
38 19 1 -0.2 -1.06
39 19 1 0.2 -0.874
40 19 1 0.9 -0.519
41 19 1 0.4 1.247
42 19 1 0.9 -2.375
43 19 1 -2.7 -1.788
44 19 1 0.5 0.839
45 19 1 -0.8 0.228
46 19 1 0.8 -0.846
47 19 1 0.5 0.988
48 19 1 -1.1 -0.612
49 19 1 -0.9 -0.614
50 19 1 1 0.853
1 20 1 0.7 -0.82
2 20 1 1.3 -0.552
3 20 1 -1.1 -1.15
4 20 1 0.8 -0.632
5 20 1 0.4 -1.247
6 20 1 0.4 -1.115
7 20 1 2.1 -0.673
8 20 1 -1.1 0.043
9 20 1 -0.2 -1.923
10 20 1 0.4 -1.015
11 20 1 0.8 -2.87
12 20 1 1.1 0.176
13 20 1 -1.1 -0.427
14 20 1 -0.8 0.168
15 20 1 -0.8 -0.483
16 20 1 0.3 -0.515
17 20 1 0.1 -1.004
18 20 1 1.1 -0.869
19 20 1 0.6 -1.081
20 20 1 0.3 -0.096
21 20 1 -1.1 -0.358
22 20 1 -0.2 -0.845
23 20 1 1 -0.333
24 20 1 0.9 0.46
25 20 1 -0.2 0.391
26 20 1 -1.4 -0.9
27 20 1 0.4 -2.501
28 20 1 -0.5 0.03
29 20 1 0.6 -0.449
30 20 1 -0.2 -1.144
31 20 1 0 -1.35
32 20 1 -0.8 -1.388
33 20 1 -0.5 -0.519
34 20 1 0.3 0.704
35 20 1 1.9 -0.912
36 20 1 1 0.009
37 20 1 0.5 -1.008
38 20 1 -1.4 -0.811
39 20 1 -2.1 0.274
40 20 1 -0.4 -1.576
41 20 1 -0.9 -0.245
42 20 1 0.1 -3.853
43 20 1 -0.6 -1.896
44 20 1 1.3 0.586
45 20 1 0.5 -0.849
46 20 1 2.3 1.23
47 20 1 -0.3 -1.208
48 20 1 0.8 -0.713
49 20 1 -0.1 -0.72
50 20 1 1.5 0.417
1 21 1 -0.3 -1.232
2 21 1 0.8 0.323
3 21 1 0 -0.501
4 21 1 0.1 -1.029
5 21 1 0.3 -0.205
6 21 1 -1 -0.885
7 21 1 0.9 -0.647
8 21 1 -1.3 -0.063
9 21 1 -1.6 -1.603
10 21 1 -0.1 -1.532
11 21 1 0.6 -1.354
12 21 1 -0.9 -0.936
13 21 1 1.3 0.568
14 21 1 -1.7 -1.728
15 21 1 -0.7 -0.952
16 21 1 -0.2 -0.709
17 21 1 -0.1 -1.319
18 21 1 -1.3 -0.429
19 21 1 0.2 -1.45
20 21 1 1.6 -0.563
21 21 1 -2.6 -0.909
22 21 1 -1.1 -1.241
23 21 1 1.6 0.198
24 21 1 0.2 1.775
25 21 1 -0.7 -0.383
26 21 1 -0.3 -0.293
27 21 1 0.2 -0.072
28 21 1 0.4 0.262
29 21 1 1.6 -0.446
30 21 1 0.4 -0.503
31 21 1 0.1 -1.307
32 21 1 -0.1 -1.479
33 21 1 -0.5 -0.833
34 21 1 0.9 -0.412
35 21 1 0.2 -0.977
36 21 1 1 -1.731
37 21 1 -0.6 -0.585
38 21 1 -0.5 -0.945
39 21 1 -0.2 -0.169
40 21 1 -0.8 -1.056
41 21 1 0.5 -0.994
42 21 1 -0.9 -1.266
43 21 1 0 -0.177
44 21 1 1.6 -0.408
45 21 1 -0.3 0.335
46 21 1 0.6 -0.4
47 21 1 1.1 0.529
48 21 1 0.4 -0.4
49 21 1 0.9 1.339
50 21 1 -0.3 -0.013
1 22 1 -0.7 -0.046
2 22 1 -1.5 -0.184
3 22 1 1.2 -0.682
4 22 1 -0.4 -0.679
5 22 1 -0.7 -1.819
6 22 1 1.6 0.235
7 22 1 0 -0.457
8 22 1 -0.5 0.677
9 22 1 -1.1 -2.37
10 22 1 -0.2 -1.807
11 22 1 0.4 -1.606
12 22 1 1.4 -1.172
13 22 1 2.3 0.219
14 22 1 1.4 -1.051
15 22 1 -1 -1.147
16 22 1 1.3 -1.27
17 22 1 -1.3 -1.005
18 22 1 -0.6 -1.649
19 22 1 0.4 -2.219
20 22 1 -0.4 -1.091
21 22 1 0.7 -0.148
22 22 1 0.2 -0.519
23 22 1 1.4 0.156
24 22 1 0.9 1.68
25 22 1 -1.7 -0.468
26 22 1 0 0.442
27 22 1 1.4 -0.697
28 22 1 1.3 0.236
29 22 1 -0.2 -1.337
30 22 1 -0.9 -0.442
31 22 1 -0.7 -1.877
32 22 1 0.6 0.177
33 22 1 -1.5 -1.007
34 22 1 1.4 0.345
35 22 1 -0.3 -2.048
36 22 1 1.2 -0.659
37 22 1 0.7 -0.032
38 22 1 1 -0.172
39 22 1 0.4 -0.852
40 22 1 -0.3 -0.501
41 22 1 0.8 -0.888
42 22 1 0.9 -1.374
43 22 1 0.3 -0.56
44 22 1 -0.3 0.215
45 22 1 0.6 0.374
46 22 1 0.2 -0.902
47 22 1 -0.2 0.297
48 22 1 1.3 -0.906
49 22 1 0.3 -0.39
50 22 1 -2.2 -0.282
1 23 1 -0.4 0.488
2 23 1 1.3 -1.325
3 23 1 0.1 0.55
4 23 1 -0.6 -1.862
5 23 1 0.3 -0.863
6 23 1 0.1 -0.35
7 23 1 0.6 0.805
8 23 1 0.2 1.035
9 23 1 1.5 -2.769
10 23 1 -0.8 -1.058
11 23 1 0.3 -3.312
12 23 1 0.2 -0.453
13 23 1 -0.4 0.907
14 23 1 -0.3 0.116
15 23 1 -0.6 0.019
16 23 1 0.9 -0.247
17 23 1 1 -1.05
18 23 1 -1.2 -0.679
19 23 1 -2.3 -1.685
20 23 1 0.8 -1.784
21 23 1 0.1 -0.998
22 23 1 -1.3 -0.984
23 23 1 -1.2 -0.409
24 23 1 -1.6 0.93
25 23 1 -0.1 -0.1
26 23 1 0.5 -0.271
27 23 1 -0.4 -1.523
28 23 1 -0.6 0.032
29 23 1 0.8 -0.39
30 23 1 0.1 -1.06
31 23 1 0.2 -2.245
32 23 1 0.5 0.638
33 23 1 0.2 -0.474
34 23 1 -0.2 -0.631
35 23 1 0.4 -1.528
36 23 1 -0.7 -1.241
37 23 1 0 0.226
38 23 1 0.5 -0.51
39 23 1 -0.7 -0.109
40 23 1 -1.8 -1.38
41 23 1 -0.6 0.661
42 23 1 0.6 -2.701
43 23 1 -1 -0.499
44 23 1 1.2 0.513
45 23 1 -1.6 -1.102
46 23 1 0.2 0.802
47 23 1 1.4 0.758
48 23 1 0.8 -0.887
49 23 1 0.7 0.186
50 23 1 1.9 0.071
1 24 1 -0.3 -1.238
2 24 1 1.6 0.233
3 24 1 -0.1 -1.486
4 24 1 -1.1 -1.539
5 24 1 -1.6 -1.737
6 24 1 0.5 0.976
7 24 1 0.1 0.968
8 24 1 0.8 1.18
9 24 1 -0.2 -0.939
10 24 1 -1.1 -1.662
11 24 1 -0.4 -2.333
12 24 1 -0.4 -0.852
13 24 1 0.4 -1.135
14 24 1 0.4 0.248
15 24 1 1.3 -1.534
16 24 1 -0.9 -0.807
17 24 1 -1.4 -0.748
18 24 1 0.1 -0.827
19 24 1 0.6 -0.521
20 24 1 1.5 -1.924
21 24 1 -0.6 0.224
22 24 1 0.1 -0.242
23 24 1 0.4 -0.969
24 24 1 -0.1 0.977
25 24 1 0.9 0.366
26 24 1 -0.2 0.114
27 24 1 -2 -1.191
28 24 1 -1.2 -0.319
29 24 1 -0.9 -0.898
30 24 1 0.9 0.588
31 24 1 -0.3 -0.772
32 24 1 0.8 0.792
33 24 1 0.8 -0.425
34 24 1 -1.4 -1.446
35 24 1 -0.9 -1.777
36 24 1 -0.7 -1.353
37 24 1 -0.8 0.205
38 24 1 0 -0.72
39 24 1 -0.2 -0.203
40 24 1 0.8 -0.868
41 24 1 0.4 -0.719
42 24 1 -2 -2.595
43 24 1 0.1 -0.167
44 24 1 0.9 -0.152
45 24 1 -1.4 -2.028
46 24 1 1.2 -0.921
47 24 1 -0.8 0.256
48 24 1 0.4 -1.176
49 24 1 0.1 1.103
50 24 1 -0.4 0.864
1 25 1 -1.1 -0.687
2 25 1 -1.2 -0.571
3 25 1 0.5 -0.682
4 25 1 0.6 -1.728
5 25 1 0.5 -1.256
6 25 1 0.7 -0.013
7 25 1 0.3 -0.025
8 25 1 -0.8 -1.516
9 25 1 -1 -1.234
10 25 1 -0.8 -3.07
11 25 1 -1.3 -1.622
12 25 1 0.6 -0.896
13 25 1 -0.1 -0.042
14 25 1 -0.7 -1.131
15 25 1 0.5 -0.295
16 25 1 0.2 -1.175
17 25 1 1.5 -0.169
18 25 1 -1.2 -1.736
19 25 1 1.2 -0.784
20 25 1 1.3 -1.497
21 25 1 1.4 -0.144
22 25 1 -0.3 -1.034
23 25 1 -0.1 1.548
24 25 1 0.4 1.396
25 25 1 2 -0.04
26 25 1 -1.1 -1.819
27 25 1 0.6 -0.78
28 25 1 -0.3 -0.727
29 25 1 0.2 -1.448
30 25 1 -1.1 -0.985
31 25 1 0.2 -1.055
32 25 1 -1.5 -0.345
33 25 1 0 0.096
34 25 1 -1 0.216
35 25 1 -1.4 -0.497
36 25 1 -0.5 -1.031
37 25 1 -1.9 -1.266
38 25 1 0.8 -0.158
39 25 1 1.7 1.183
40 25 1 -0.7 -0.169
41 25 1 -0.7 0.726
42 25 1 0 -3.241
43 25 1 -1.3 -0.791
44 25 1 1.9 -0.089
45 25 1 0 -1.112
46 25 1 2 -0.281
47 25 1 -0.5 -0.173
48 25 1 0.9 -0.19
49 25 1 0.2 0.736
50 25 1 1.4 0.611
1 26 1 1.4 -0.155
2 26 1 0.4 -1.302
3 26 1 0.2 1.056
4 26 1 0.2 -0.449
5 26 1 -1.5 -1.953
6 26 1 0.3 -1.204
7 26 1 0.6 -0.55
8 26 1 1.1 0.993
9 26 1 -0.6 -1.28
10 26 1 -0.6 -0.857
11 26 1 -0.6 -2.083
12 26 1 -1 0.011
13 26 1 0.8 0.614
14 26 1 -0.3 -1.396
15 26 1 -0.2 -0.919
16 26 1 -0.6 -1.127
17 26 1 -2.2 -0.956
18 26 1 2 -1.892
19 26 1 -0.8 -1.163
20 26 1 1.6 -0.602
21 26 1 1.5 -0.043
22 26 1 1.6 -0.854
23 26 1 0.4 0.267
24 26 1 1.2 1.405
25 26 1 -1.3 -0.321
26 26 1 0.5 -1.287
27 26 1 -1.2 -2.184
28 26 1 -1.2 0.052
29 26 1 -0.7 -1.305
30 26 1 -0.4 -1.123
31 26 1 -1 -1.793
32 26 1 -0.5 -0.645
33 26 1 0.5 -0.254
34 26 1 1.7 -0.316
35 26 1 -1.1 -1.225
36 26 1 1.6 -2.081
37 26 1 1 0.405
38 26 1 0.4 -1.364
39 26 1 -1 -0.22
40 26 1 0.2 -0.567
41 26 1 0.4 0.636
42 26 1 0.9 -1.293
43 26 1 1 -1.146
44 26 1 0.4 0.166
45 26 1 0.9 -0.228
46 26 1 0 -0.781
47 26 1 0.3 1.622
48 26 1 1.2 -0.419
49 26 1 -0.6 -0.343
50 26 1 -0.2 0.252
1 27 1 0.4 -0.615
2 27 1 0.2 -0.907
3 27 1 -0.8 -1.524
4 27 1 -0.1 -2.155
5 27 1 0.3 -2.795
6 27 1 -0.1 -0.592
7 27 1 -0.9 0.151
8 27 1 0.6 -0.568
9 27 1 -0.4 -1.032
10 27 1 -0.7 -2.157
11 27 1 -0.1 -2.891
12 27 1 -0.1 -0.296
13 27 1 1.5 0.403
14 27 1 0.1 -1.544
15 27 1 -0.7 -1.519
16 27 1 -2.1 -0.939
17 27 1 -1.2 -1.979
18 27 1 0.6 -1.335
19 27 1 1.5 0.352
20 27 1 2.3 0.271
21 27 1 -0.2 -1.723
22 27 1 0.1 -0.068
23 27 1 -0.5 0.264
24 27 1 0.4 0.152
25 27 1 1.5 1.088
26 27 1 0.6 -0.808
27 27 1 0.2 -2.739
28 27 1 0.5 1.328
29 27 1 -1.3 -0.636
30 27 1 -0.2 -0.612
31 27 1 1 -2.969
32 27 1 -1.6 -0.722
33 27 1 0.4 1.103
34 27 1 1.3 -0.106
35 27 1 0.4 -0.602
36 27 1 0.4 -1.433
37 27 1 0.6 0.054
38 27 1 -0.3 0.429
39 27 1 2.4 -0.446
40 27 1 1.6 0.311
41 27 1 -0.4 0.754
42 27 1 1.1 -2.399
43 27 1 -1.4 -1.643
44 27 1 1.1 0.771
45 27 1 1.6 -1.176
46 27 1 0.7 -0.713
47 27 1 2.1 0.382
48 27 1 1.3 -0.734
49 27 1 1.4 1.306
50 27 1 0.6 -0.524
1 28 1 -1.8 -1.057
2 28 1 1 -1.268
3 28 1 0.4 -0.068
4 28 1 -0.3 -1.581
5 28 1 -1.4 -1.179
6 28 1 0.8 -0.086
7 28 1 0.3 -0.395
8 28 1 0.4 0.669
9 28 1 -1.2 -0.743
10 28 1 -0.3 -1.052
11 28 1 0 -2.031
12 28 1 -0.5 -0.364
13 28 1 -1 0.121
14 28 1 0.5 -0.59
15 28 1 0.4 0.397
16 28 1 -0.2 -1.11
17 28 1 0.5 -0.321
18 28 1 0.8 -1
19 28 1 0.5 -0.952
20 28 1 -0.5 -1.213
21 28 1 -0.3 -1.016
22 28 1 -0.5 -1.263
23 28 1 1 0.504
24 28 1 0.4 1.189
25 28 1 -1.4 -0.588
26 28 1 -0.9 -1.267
27 28 1 0.4 -1.651
28 28 1 -1.4 0.169
29 28 1 -1.3 -1.624
30 28 1 -0.7 0.314
31 28 1 0.4 -0.09
32 28 1 1.5 -1.195
33 28 1 0.5 0.473
34 28 1 0 -0.814
35 28 1 -1.4 -2.34
36 28 1 0.2 -1.107
37 28 1 0 -0.97
38 28 1 -0.8 -1.484
39 28 1 -0.7 -1.212
40 28 1 -0.4 -0.165
41 28 1 -1 0.537
42 28 1 -0.9 -2.298
43 28 1 -0.2 -1.357
44 28 1 0.4 0.813
45 28 1 -0.6 0.259
46 28 1 0.3 -0.152
47 28 1 1.4 0.034
48 28 1 -1.1 -1.698
49 28 1 1.3 1.259
50 28 1 -2.3 -0.885
1 29 1 0.5 -0.476
2 29 1 -0.7 -1.924
3 29 1 -0.5 -1.443
4 29 1 1.1 0.23
5 29 1 0.6 -1.041
6 29 1 1.2 -0.24
7 29 1 -0.4 -0.252
8 29 1 0.6 0.288
9 29 1 -0.8 -1.996
10 29 1 1.5 0.046
11 29 1 0.2 -1.543
12 29 1 0.3 0.276
13 29 1 -1 0.082
14 29 1 -1.1 -1.401
15 29 1 -0.4 0.448
16 29 1 0.7 -0.073
17 29 1 -0.8 -0.399
18 29 1 -0.5 -1.007
19 29 1 1 -0.675
20 29 1 -0.3 -1.379
21 29 1 -1.3 -0.292
22 29 1 1 0.315
23 29 1 -0.3 0.175
24 29 1 0.2 0.737
25 29 1 0 -0.381
26 29 1 2.1 0.128
27 29 1 0.7 -1.043
28 29 1 -1.3 -0.708
29 29 1 1.3 -2.023
30 29 1 -0.5 -1.497
31 29 1 0.8 -1.205
32 29 1 -0.5 -0.02
33 29 1 -0.5 -0.688
34 29 1 -0.3 0.024
35 29 1 -0.4 -1.731
36 29 1 -1 -1.569
37 29 1 -2.5 -0.319
38 29 1 0.9 0.115
39 29 1 0.1 -1.239
40 29 1 -1 -0.372
41 29 1 0.1 0.239
42 29 1 -1 -1.691
43 29 1 0.7 -1.217
44 29 1 0.5 0.227
45 29 1 -1.1 -1.875
46 29 1 0.6 -0.795
47 29 1 -0.4 0.223
48 29 1 0.8 0.032
49 29 1 -0.9 0.582
50 29 1 0.5 -0.516
1 30 1 0 0.104
2 30 1 1.4 -0.801
3 30 1 -1.2 0.482
4 30 1 -1.6 -1.745
5 30 1 -0.9 -1.22
6 30 1 -0.6 -0.473
7 30 1 0.3 0.203
8 30 1 -0.4 1.683
9 30 1 -0.2 -2.234
10 30 1 0.2 -1.572
11 30 1 -0.7 -1.835
12 30 1 0.8 -1.058
13 30 1 0.1 0.993
14 30 1 -0.6 -0.866
15 30 1 1 0.237
16 30 1 -0.9 -1.823
17 30 1 0.2 -0.836
18 30 1 0.2 -0.731
19 30 1 -3 -1.546
20 30 1 0.3 0.488
21 30 1 -0.1 0.189
22 30 1 0.2 -0.338
23 30 1 2.1 0.027
24 30 1 -0.6 0.452
25 30 1 -0.7 0.011
26 30 1 2.4 0.488
27 30 1 -0.9 -2.169
28 30 1 -0.9 -1.245
29 30 1 1.9 -0.025
30 30 1 0.3 0.173
31 30 1 -1.7 -0.733
32 30 1 1.9 0.209
33 30 1 -0.5 -0.147
34 30 1 2.1 0.049
35 30 1 0.3 -0.861
36 30 1 -0.1 -1.668
37 30 1 0 -0.64
38 30 1 -0.2 -2.349
39 30 1 0.1 1.426
40 30 1 -1.5 -0.575
41 30 1 -0.3 0.573
42 30 1 -1 -2.352
43 30 1 0.1 -0.123
44 30 1 0.3 -0.09
45 30 1 0.9 0.011
46 30 1 -1.1 -0.78
47 30 1 0.5 -0.792
48 30 1 -0.7 -2.097
49 30 1 -1 0.795
50 30 1 -0.1 -0.566
1 31 1 -1.6 -2.205
2 31 1 -0.4 -0.443
3 31 1 1.4 -0.198
4 31 1 0.3 -0.061
5 31 1 -1.2 -2.087
6 31 1 -1.5 -0.569
7 31 1 -1 -0.917
8 31 1 0.1 0.41
9 31 1 -2.6 -0.92
10 31 1 0.9 -1.49
11 31 1 -0.1 -1.495
12 31 1 1.3 -0.778
13 31 1 -0.3 -1.233
14 31 1 -0.7 -0.355
15 31 1 1.7 0.624
16 31 1 -1 -0.777
17 31 1 1.8 -0.05
18 31 1 0.3 -1.874
19 31 1 -0.8 -1.312
20 31 1 -0.9 -0.165
21 31 1 0.9 -0.263
22 31 1 -0.7 -1.144
23 31 1 -0.2 0.24
24 31 1 0.5 0.741
25 31 1 2 0.859
26 31 1 -0.7 -1.087
27 31 1 -0.9 -2.097
28 31 1 -0.3 -0.277
29 31 1 0.4 -1.842
30 31 1 1.1 -1.195
31 31 1 -0.6 -1.385
32 31 1 0.8 0.102
33 31 1 -1.5 -1.395
34 31 1 -1.7 -1.441
35 31 1 0 -1.18
36 31 1 -0.3 -0.899
37 31 1 -0.6 -0.563
38 31 1 -1.9 -1.797
39 31 1 -0.4 -0.102
40 31 1 -1.5 -1.16
41 31 1 -0.4 -0.802
42 31 1 0.3 -0.797
43 31 1 0.8 -0.87
44 31 1 1 0.423
45 31 1 -1.2 -1.401
46 31 1 1.5 -0.062
47 31 1 -0.1 -0.872
48 31 1 0.7 -0.914
49 31 1 0.8 -0.643
50 31 1 -0.9 -1.103
1 32 1 0.4 -1.297
2 32 1 0.5 -0.592
3 32 1 1 -0.992
4 32 1 0.2 -0.744
5 32 1 1.7 -0.884
6 32 1 -0.8 -0.162
7 32 1 -0.8 -1.279
8 32 1 -1.7 0.392
9 32 1 0.2 -1.661
10 32 1 -0.5 -2.131
11 32 1 0.5 -2.531
12 32 1 0 -0.877
13 32 1 0.3 -0.858
14 32 1 0.2 -0.874
15 32 1 -0.1 -0.485
16 32 1 -2 -0.745
17 32 1 0.4 -0.351
18 32 1 -0.5 -0.278
19 32 1 0.7 -1.398
20 32 1 0.4 0.18
21 32 1 0.1 0.512
22 32 1 1.2 -1.516
23 32 1 -0.3 0.487
24 32 1 -0.7 0.825
25 32 1 -2.3 -0.054
26 32 1 -0.4 -1.248
27 32 1 -0.7 -1.352
28 32 1 -0.2 -0.332
29 32 1 -0.6 -1.565
30 32 1 1.4 -0.426
31 32 1 0.6 -1.341
32 32 1 -0.1 0.481
33 32 1 0.2 -0.035
34 32 1 -1.5 -0.844
35 32 1 -1 -0.561
36 32 1 1.2 -1.213
37 32 1 0.3 -0.109
38 32 1 -0.1 -0.474
39 32 1 -0.2 0.24
40 32 1 0.6 -0.74
41 32 1 1.1 0.97
42 32 1 2.6 -1.069
43 32 1 -0.8 -1.09
44 32 1 -0.6 0.645
45 32 1 1.8 -0.5
46 32 1 -0.4 0.743
47 32 1 -0.5 -0.339
48 32 1 1.8 0.046
49 32 1 1.1 0.453
50 32 1 2.3 0.337
1 33 1 -1.1 -0.881
2 33 1 1.6 -0.08
3 33 1 0.3 -0.788
4 33 1 -0.1 -1.802
5 33 1 -1.5 -1.272
6 33 1 0.8 -1.038
7 33 1 1 0.177
8 33 1 -0.3 -0.486
9 33 1 0.6 -1.659
10 33 1 0.9 -0.912
11 33 1 -0.1 -1.528
12 33 1 0.7 -0.32
13 33 1 -0.2 0.573
14 33 1 -1.2 -1.582
15 33 1 1.4 -1.365
16 33 1 -0.5 -0.269
17 33 1 0 -0.011
18 33 1 -0.3 -1.541
19 33 1 1.5 -0.855
20 33 1 1.4 -0.6
21 33 1 1 -0.412
22 33 1 -0.7 0.362
23 33 1 -0.7 -0.096
24 33 1 0.2 0.307
25 33 1 0.6 0.154
26 33 1 -0.8 0.477
27 33 1 -0.1 -1.325
28 33 1 -0.8 -1.216
29 33 1 -0.1 -1.069
30 33 1 0.4 0.713
31 33 1 -0.1 -3.219
32 33 1 -0.9 -1.246
33 33 1 0.2 -1.27
34 33 1 -1.4 -0.774
35 33 1 1 -0.796
36 33 1 1.1 -0.464
37 33 1 -1.1 -0.281
38 33 1 0.5 0.421
39 33 1 0.9 0.688
40 33 1 -1.2 -0.213
41 33 1 -0.9 -0.127
42 33 1 -1 -2.743
43 33 1 -1.9 -1.338
44 33 1 -0.2 0.223
45 33 1 0.2 -0.661
46 33 1 1 0.496
47 33 1 1.9 -0.194
48 33 1 0.7 -1.164
49 33 1 0 -0.169
50 33 1 0.6 -0.101
1 34 1 -0.2 -0.53
2 34 1 -0.4 -0.508
3 34 1 0.7 0.367
4 34 1 1 -0.467
5 34 1 -0.7 -0.519
6 34 1 1.9 0.388
7 34 1 0.6 0.794
8 34 1 -1.9 0.288
9 34 1 0.2 -1.402
10 34 1 -0.5 0.138
11 34 1 1.5 -2.023
12 34 1 0.6 -0.269
13 34 1 1 0.276
14 34 1 -0.3 -1.473
15 34 1 1.9 -1.341
16 34 1 -0.5 -1.225
17 34 1 -0.7 -1.173
18 34 1 -0.8 -0.837
19 34 1 -0.5 -1.821
20 34 1 -1 -0.057
21 34 1 1.4 0.512
22 34 1 -0.3 -1.056
23 34 1 0.2 0.818
24 34 1 -0.2 0.094
25 34 1 0.6 0.829
26 34 1 0.1 -0.13
27 34 1 -0.6 -1.386
28 34 1 -2.5 0.181
29 34 1 0.1 -0.19
30 34 1 1.2 -0.942
31 34 1 0.1 -1.092
32 34 1 -1.3 -1.141
33 34 1 0.5 1.542
34 34 1 1.1 0.35
35 34 1 1 -1.192
36 34 1 0 -1.692
37 34 1 0.3 -0.043
38 34 1 0.4 -0.787
39 34 1 2.2 -0.695
40 34 1 1.9 -0.299
41 34 1 -1 -0.157
42 34 1 0.4 -1.66
43 34 1 0.6 -0.502
44 34 1 -1.1 0.342
45 34 1 -0.8 -1.525
46 34 1 1.5 0.358
47 34 1 1.2 0.31
48 34 1 0.4 -0.624
49 34 1 0.9 -0.301
50 34 1 0.2 -0.216
1 35 1 0.5 -0.472
2 35 1 -0.7 -1.115
3 35 1 1.7 -0.575
4 35 1 -0.6 -1.62
5 35 1 1.4 -0.816
6 35 1 -0.5 0.015
7 35 1 1.8 -0.851
8 35 1 -1.1 -0.33
9 35 1 0.3 -0.974
10 35 1 -0.2 -1.341
11 35 1 -0.1 -1.073
12 35 1 -0.4 -0.286
13 35 1 0.6 -0.001
14 35 1 -1.4 -2.212
15 35 1 0.7 -1.496
16 35 1 1 -0.671
17 35 1 -0.4 -0.522
18 35 1 0.2 -0.383
19 35 1 -0.3 -1.331
20 35 1 0.5 -0.841
21 35 1 -0.3 -1.208
22 35 1 -1.3 -0.832
23 35 1 0.5 0.767
24 35 1 0.5 1.58
25 35 1 -1 -0.431
26 35 1 -1.4 -1.521
27 35 1 0.4 -1.624
28 35 1 -1.1 -0.491
29 35 1 0.5 -0.766
30 35 1 1 -0.181
31 35 1 -1 -2.422
32 35 1 0.4 -0.711
33 35 1 -1.7 -0.972
34 35 1 0 -0.827
35 35 1 2.2 -0.18
36 35 1 0.7 -0.74
37 35 1 1.1 0.285
38 35 1 0.8 -0.702
39 35 1 0.6 0.182
40 35 1 -0.3 0.117
41 35 1 -0.3 1.249
42 35 1 -0.2 -2.743
43 35 1 0.9 -0.984
44 35 1 -0.1 0.31
45 35 1 -0.7 -0.714
46 35 1 -1.3 -1.028
47 35 1 1.1 -0.338
48 35 1 0.4 -1.411
49 35 1 -0.8 -0.082
50 35 1 -0.7 0.437
1 36 1 0.4 -0.661
2 36 1 -1.1 -0.643
3 36 1 0.7 -0.522
4 36 1 0.1 -0.405
5 36 1 1.2 0.803
6 36 1 -1.2 -1.883
7 36 1 -0.6 0.938
8 36 1 0.2 0.869
9 36 1 -1.3 -0.971
10 36 1 -0.9 -0.999
11 36 1 -0.6 -1.962
12 36 1 -1.5 -0.995
13 36 1 -1.6 -0.91
14 36 1 -0.8 0.27
15 36 1 -0.5 -1.102
16 36 1 3 0.269
17 36 1 -0.8 -1.968
18 36 1 0.3 -0.642
19 36 1 -1.2 -1.527
20 36 1 0.6 -0.658
21 36 1 1.9 0.154
22 36 1 0.9 -0.37
23 36 1 1.3 -0.036
24 36 1 -0.8 0.517
25 36 1 0.6 -0.324
26 36 1 0.1 -0.731
27 36 1 -1.8 -2.307
28 36 1 0.1 -0.919
29 36 1 -0.5 -0.967
30 36 1 0.2 -0.707
31 36 1 -0.5 -1.214
32 36 1 2.2 0.58
33 36 1 -0.4 -1.176
34 36 1 0.9 0.611
35 36 1 1.2 -1.384
36 36 1 1.2 -1.513
37 36 1 -1 0.312
38 36 1 0.9 -1.485
39 36 1 0.5 0.376
40 36 1 -0.1 -0.382
41 36 1 -1 0.415
42 36 1 -0.8 -3.109
43 36 1 1.1 -0.663
44 36 1 1.1 -0.245
45 36 1 0 -0.822
46 36 1 -1.3 -0.225
47 36 1 -1.3 -0.056
48 36 1 0.3 -0.965
49 36 1 -0.5 -0.18
50 36 1 -1.8 -0.972
1 37 1 0.2 -0.808
2 37 1 0.7 -0.207
3 37 1 -1.6 0.443
4 37 1 0.9 -1.462
5 37 1 -1.7 -0.604
6 37 1 0 -0.24
7 37 1 0.7 0.874
8 37 1 -1.3 0.091
9 37 1 0.9 -1.438
10 37 1 1.1 -0.927
11 37 1 0.1 -1.811
12 37 1 1.4 -0.693
13 37 1 -1.8 -0.394
14 37 1 0.2 0.301
15 37 1 -0.1 -0.095
16 37 1 0.5 -1.033
17 37 1 -1.3 -0.484
18 37 1 0.8 -0.993
19 37 1 2.2 -1.22
20 37 1 -0.2 -1.75
21 37 1 -1 -0.021
22 37 1 0.7 -0.834
23 37 1 -1 -0.22
24 37 1 2.6 1.947
25 37 1 -0.5 0.005
26 37 1 -1 -1.52
27 37 1 -1.9 -2.322
28 37 1 -1.2 -0.415
29 37 1 -1.8 -1.482
30 37 1 1.2 -1.27
31 37 1 0.3 -0.995
32 37 1 -0.7 0.022
33 37 1 -0.7 -0.685
34 37 1 -0.7 -0.936
35 37 1 0.6 -0.982
36 37 1 1.4 -1.479
37 37 1 -0.3 0.24
38 37 1 -0.4 -1.613
39 37 1 1.1 -0.187
40 37 1 0.5 -0.864
41 37 1 2.2 1.123
42 37 1 1.2 -2.551
43 37 1 0.8 -1.581
44 37 1 0.7 0.5
45 37 1 -0.1 -0.664
46 37 1 0.1 -0.257
47 37 1 -1 -0.037
48 37 1 0.6 -1.575
49 37 1 0 -0.102
50 37 1 -0.4 0.102
1 38 1 -0.3 -0.831
2 38 1 -0.4 -1.31
3 38 1 -0.9 -0.913
4 38 1 0.1 -1.083
5 38 1 -2.5 -2.73
6 38 1 0.2 -0.351
7 38 1 1.8 0.138
8 38 1 0 0.402
9 38 1 -0.8 -1.827
10 38 1 1.3 -2.532
11 38 1 -1.5 -1.355
12 38 1 -0.6 -1.213
13 38 1 0.3 0.356
14 38 1 -0.8 -0.762
15 38 1 -0.4 -1.013
16 38 1 0.3 -0.904
17 38 1 1.1 -1.133
18 38 1 -0.8 -0.974
19 38 1 1.8 -1.311
20 38 1 1 0.498
21 38 1 -0.8 -0.791
22 38 1 -1 -1.187
23 38 1 1.4 0.096
24 38 1 0.7 0.659
25 38 1 -2.5 -0.611
26 38 1 -0.1 -0.668
27 38 1 0.6 -2.158
28 38 1 0 -0.256
29 38 1 -0.1 -0.675
30 38 1 0.8 -0.475
31 38 1 -1.4 -2.711
32 38 1 -1 -0.31
33 38 1 -0.5 -0.801
34 38 1 -0.9 0.45
35 38 1 -0.7 -0.523
36 38 1 -0.3 -0.985
37 38 1 0.7 -0.179
38 38 1 -1.3 -1.589
39 38 1 0.2 0.762
40 38 1 -0.6 0.183
41 38 1 1.8 0.6
42 38 1 -1.1 -2.459
43 38 1 -0.4 -0.566
44 38 1 -1.4 1.836
45 38 1 -0.1 0.777
46 38 1 1.2 0.583
47 38 1 0.8 0.444
48 38 1 1 -0.214
49 38 1 -1.2 -1.153
50 38 1 -0.5 -0.705
1 39 1 -1.2 -1.025
2 39 1 -0.7 -0.345
3 39 1 1.1 -0.677
4 39 1 -0.4 -0.99
5 39 1 -0.4 -1.276
6 39 1 -0.2 -1.19
7 39 1 1 -0.25
8 39 1 0.3 0.737
9 39 1 1.5 -1.385
10 39 1 1 -1.426
11 39 1 0.1 -2.22
12 39 1 -0.1 -0.793
13 39 1 0.4 0.626
14 39 1 -0.1 -0.651
15 39 1 -0.9 -0.362
16 39 1 0.7 0.115
17 39 1 0.7 -0.363
18 39 1 0.5 -1.164
19 39 1 -0.4 -2.378
20 39 1 -1.3 -1.346
21 39 1 -0.2 0.767
22 39 1 -0.6 -0.892
23 39 1 -0.3 -0.345
24 39 1 0.9 0.866
25 39 1 0 -0.38
26 39 1 -1.6 -0.528
27 39 1 0 -1.829
28 39 1 0.7 0.083
29 39 1 1 -1.566
30 39 1 0.9 -0.835
31 39 1 -0.7 -1.053
32 39 1 0.8 -0.922
33 39 1 2.1 0.715
34 39 1 -0.5 -0.42
35 39 1 1.6 -0.969
36 39 1 -0.1 -1.763
37 39 1 0.5 -0.339
38 39 1 -1.8 -0.469
39 39 1 -0.4 0.041
40 39 1 -1 -1.024
41 39 1 0.6 0.672
42 39 1 -0.6 -3.362
43 39 1 0.7 -0.352
44 39 1 1.2 1.494
45 39 1 -2.7 -1.124
46 39 1 -0.3 -0.061
47 39 1 -0.7 -0.231
48 39 1 -0.9 -0.678
49 39 1 0 -0.61
50 39 1 -0.5 0.451
1 40 1 -0.9 0.071
2 40 1 -1.7 -0.388
3 40 1 0.7 -0.621
4 40 1 1.1 -1.47
5 40 1 0.8 -1.143
6 40 1 0.6 -0.88
7 40 1 -1.8 0.668
8 40 1 -1.1 0.107
9 40 1 1.3 -0.405
10 40 1 -0.4 -1.539
11 40 1 -1.8 -2.875
12 40 1 0.7 0.383
13 40 1 -1 -0.235
14 40 1 0.1 -1.457
15 40 1 0.7 -0.74
16 40 1 1.4 1.31
17 40 1 0.4 -0.23
18 40 1 0.2 -1.278
19 40 1 -0.4 -1.379
20 40 1 0 -1.263
21 40 1 -1.5 -0.865
22 40 1 1.5 -0.046
23 40 1 -2 -0.947
24 40 1 -1.5 -0.038
25 40 1 -1.4 -0.057
26 40 1 0.3 -0.412
27 40 1 -0.4 -0.966
28 40 1 -2 0.175
29 40 1 -2 -2.312
30 40 1 -0.7 -1.865
31 40 1 -0.1 -1.932
32 40 1 0.3 -0.138
33 40 1 1.9 -1.245
34 40 1 -0.5 -0.355
35 40 1 -1.5 -2.044
36 40 1 0 -0.553
37 40 1 0.2 -0.446
38 40 1 1.6 -0.501
39 40 1 -0.3 1.015
40 40 1 -0.9 -0.517
41 40 1 1.6 0.274
42 40 1 -1.4 -2.841
43 40 1 -0.9 -0.462
44 40 1 -0.6 -0.259
45 40 1 -0.3 -1.429
46 40 1 0.5 -0.917
47 40 1 0.4 0.582
48 40 1 -0.3 -1.29
49 40 1 -0.8 -0.986
50 40 1 -0.2 0.378
