1 1 0 1 1 1 0 1 1 1 0 1 0 1 1 1 1 1 1 0 1 1 1 1 1 1 1 1 0 1 0 1 0 1 1 1 1 1 1 1 1 1 1 1 0 1 0 1 1 1 1 1
1 2 1 0 1 1 1 1 0 1 1 1 1 0 1 1 1 1 1 1 0 1 0 1 1 1 1 1 0 1 1 1 1 1 0 0 1 1 1 1 1 1 1 1 1 0 1 1 1 1 1 0
1 3 1 0 0 1 0 0 1 1 1 1 1 0 1 1 1 0 1 0 0 1 1 1 0 1 1 1 1 0 1 1 1 1 0 0 0 1 0 1 1 1 0 0 0 0 0 1 0 1 1 1
1 4 0 0 0 0 0 0 0 0 0 0 0 0 0 0 0 0 0 0 0 0 0 0 1 0 0 0 1 0 0 0 1 0 0 0 1 0 0 0 0 0 0 0 0 0 0 0 0 0 0 1
1 5 1 0 0 0 1 0 1 0 0 1 1 0 1 0 0 0 0 0 0 1 0 1 1 0 0 0 1 0 0 1 1 0 0 0 0 1 1 0 1 0 1 1 1 1 0 1 0 0 0 1
1 6 1 1 1 1 0 0 1 0 1 1 1 1 1 1 1 1 1 0 1 1 1 1 1 1 1 1 1 1 1 1 1 1 1 1 1 1 1 1 1 1 1 0 1 1 1 1 1 1 1 1
1 7 1 1 1 0 1 1 0 0 1 1 0 1 0 1 1 0 0 1 0 1 0 0 0 0 0 0 0 1 1 1 0 1 1 1 1 0 0 0 1 0 0 1 0 0 1 0 1 0 0 0
1 8 0 1 1 1 1 1 1 1 1 1 0 0 1 1 0 1 0 1 0 1 1 1 1 1 0 1 1 1 0 0 1 1 1 0 1 0 1 1 1 1 0 1 1 1 1 1 0 1 1 1
1 9 0 1 0 0 0 1 0 0 0 0 1 0 0 0 1 0 0 0 1 0 0 1 1 1 1 0 0 1 0 1 0 0 0 0 1 0 0 0 0 0 1 0 0 1 0 0 0 1 0 1
1 10 0 1 1 1 1 1 1 0 0 1 1 1 1 1 0 0 0 1 1 1 1 1 1 0 0 0 1 1 1 1 1 1 0 1 1 0 1 1 0 1 1 1 1 1 1 1 1 1 1 1
1 11 1 1 1 0 1 0 1 1 1 0 0 1 0 1 0 1 1 1 0 1 1 1 1 1 0 1 0 1 1 1 1 1 1 1 0 1 1 1 1 1 1 1 1 1 0 1 1 1 1 1
1 12 0 0 0 1 1 1 0 1 1 0 0 0 0 0 1 0 1 0 1 0 1 1 0 0 1 0 1 0 1 0 0 1 1 0 1 1 1 0 1 1 0 0 0 0 0 1 0 0 0 1
1 13 1 0 0 0 0 1 0 0 1 0 0 0 0 0 1 0 0 1 1 1 0 0 0 1 1 0 0 0 0 0 0 0 1 0 1 0 1 0 0 0 0 0 0 0 0 0 0 0 0 1
1 14 0 0 0 0 0 0 0 0 1 0 0 0 1 0 0 0 0 0 0 0 1 0 0 0 0 0 0 0 0 0 0 0 1 0 0 0 0 0 0 0 0 0 0 0 0 1 0 0 0 0
1 15 0 0 0 0 0 0 0 0 1 0 0 1 1 1 0 0 1 1 1 0 0 1 1 0 0 0 0 0 1 0 1 0 0 1 0 0 0 0 1 0 0 0 1 0 0 0 0 0 0 0
1 16 0 0 1 1 1 1 1 0 1 0 0 1 1 0 1 1 0 1 1 0 1 1 1 0 1 1 0 1 1 0 1 1 1 1 0 0 0 1 0 1 0 1 1 0 0 1 1 0 1 1
1 17 1 1 1 1 1 0 1 1 1 1 1 1 1 1 1 1 1 1 1 1 1 1 1 1 1 1 0 1 1 1 1 0 1 1 1 1 1 1 1 1 1 1 0 1 0 1 1 1 1 1
1 18 1 0 0 0 0 0 1 0 0 1 0 0 0 1 0 0 1 0 0 0 0 0 0 0 0 0 0 1 0 0 0 0 0 0 0 0 0 0 0 1 1 0 0 0 0 0 1 1 0 0
1 19 1 0 0 0 0 0 0 1 0 0 0 0 1 0 0 1 0 0 1 0 0 1 1 1 0 1 0 1 0 1 1 1 0 0 0 1 1 0 1 0 1 1 1 1 1 1 0 0 1 1
1 20 1 0 1 1 0 1 1 1 0 1 1 0 0 0 1 0 0 0 1 0 1 0 1 0 0 0 1 1 1 1 1 1 0 1 1 0 0 1 1 1 1 0 1 1 0 1 0 0 1 1
1 21 1 1 0 0 1 1 1 1 0 1 1 1 1 0 1 0 0 1 1 1 1 1 1 0 0 0 0 1 0 1 1 1 0 1 1 1 1 1 0 1 0 0 1 1 0 1 0 0 1 0
1 22 0 0 1 0 1 0 0 0 0 0 1 0 0 0 0 0 0 1 0 0 1 0 0 0 0 1 0 0 0 0 1 0 1 0 1 0 0 0 0 0 0 0 1 0 0 0 0 1 0 0
1 23 1 1 1 1 1 0 0 1 1 1 0 0 1 1 0 0 0 1 1 0 1 1 1 1 0 0 0 1 0 0 1 1 1 0 0 0 0 1 0 0 0 1 0 1 0 0 1 0 0 0
1 24 0 0 0 0 1 0 0 0 0 0 0 0 0 0 0 0 0 1 1 0 0 0 0 0 0 0 0 0 1 0 0 1 0 0 0 0 0 0 0 0 0 0 0 0 0 0 0 0 0 0
1 25 1 0 1 1 1 0 0 1 1 0 1 1 0 1 1 0 1 1 1 1 1 1 0 0 1 0 1 0 0 0 1 1 1 0 1 1 1 1 1 1 1 1 1 0 1 0 1 1 1 0
1 26 0 1 1 0 1 0 0 0 0 1 0 1 0 0 0 1 1 1 0 0 0 1 1 0 1 1 1 1 1 0 1 1 0 0 1 1 1 1 1 1 0 1 1 0 0 1 1 0 0 0
1 27 1 0 0 0 0 1 1 1 1 0 0 0 0 1 1 0 1 0 0 0 0 0 1 0 0 0 0 1 1 1 0 1 0 0 0 1 0 0 0 0 1 0 0 0 0 1 0 0 1 0
1 28 0 0 1 0 1 1 0 0 1 1 1 1 0 0 0 0 1 1 1 0 1 1 1 0 0 0 1 1 1 1 1 0 0 1 1 0 1 1 0 0 1 0 1 1 1 1 0 1 0 1
1 29 1 1 0 1 1 1 1 1 0 1 1 1 1 0 1 0 0 1 1 0 1 1 1 1 1 1 1 1 1 1 1 0 1 0 1 0 1 1 0 1 1 1 1 1 1 1 1 1 1 1
1 30 1 1 0 1 1 0 1 0 0 0 0 0 0 1 1 0 0 0 0 1 0 0 0 0 0 1 1 1 1 0 0 1 1 1 0 0 1 0 1 1 0 0 1 1 0 0 1 0 1 0
1 31 0 0 0 1 0 0 1 1 0 0 0 1 0 1 1 0 1 1 1 0 0 0 1 0 1 0 0 1 0 1 1 1 0 0 0 1 0 1 0 0 1 1 1 0 1 1 1 1 0 1
1 32 0 0 1 0 0 0 1 0 0 0 0 0 0 0 0 0 0 0 0 0 0 0 0 0 0 0 0 1 0 0 1 1 1 0 0 0 0 1 0 0 0 0 1 0 0 0 0 0 0 1
1 33 0 1 0 0 0 0 1 0 0 0 1 0 0 0 0 0 1 1 0 1 1 0 1 0 0 0 0 0 0 0 0 0 0 0 0 0 0 0 0 0 0 1 0 0 0 0 0 0 0 0
1 34 0 0 1 1 1 0 0 1 0 1 0 0 1 1 1 1 1 0 0 0 0 0 0 0 0 1 0 1 1 0 0 0 0 0 0 0 1 0 0 0 0 0 0 1 1 1 0 0 0 0
1 35 0 0 0 0 0 0 0 0 0 0 0 1 0 0 1 1 0 0 1 0 0 1 0 0 1 1 0 0 0 1 0 0 1 0 1 1 0 0 0 1 0 0 0 0 0 0 1 0 0 0
1 36 1 0 0 0 0 0 0 0 0 0 1 0 0 1 1 1 0 0 0 1 1 0 0 0 0 0 0 1 0 1 0 0 1 0 0 1 0 1 1 0 0 0 0 1 1 1 0 0 1 0
1 37 0 0 1 1 0 1 1 1 0 1 1 0 0 1 1 1 0 1 1 1 1 0 1 1 1 1 0 1 1 1 1 1 1 0 1 1 1 1 0 1 0 1 0 1 1 1 1 1 1 1
1 38 0 0 0 0 0 0 1 1 0 0 0 1 0 0 0 1 0 0 1 0 1 1 0 0 0 1 0 0 0 0 0 1 0 0 0 0 0 1 0 0 1 1 0 0 0 0 0 0 0 1
1 39 0 0 0 1 0 1 1 0 0 0 0 0 0 0 0 1 0 0 1 0 0 0 0 0 0 1 1 0 0 0 1 0 0 0 0 1 1 0 1 0 0 1 0 0 1 0 0 0 0 0
1 40 0 0 1 0 1 0 0 0 0 0 0 1 0 1 0 1 1 1 0 0 0 1 0 0 1 1 1 0 1 0 0 0 0 0 0 0 0 0 1 0 0 0 0 0 0 1 1 1 0 1
1 41 1 0 0 0 1 0 1 0 1 0 0 0 1 0 0 0 0 1 1 0 0 0 0 0 0 0 0 0 0 0 1 0 0 1 0 1 0 0 0 1 0 0 0 1 0 0 0 0 1 0
1 42 0 1 0 0 0 0 1 0 0 0 1 0 0 0 0 0 0 0 0 0 1 0 0 0 1 0 0 0 0 0 0 1 0 1 0 0 1 0 0 1 0 0 1 0 0 0 0 0 0 0
1 43 1 1 1 0 1 1 0 1 0 1 1 0 1 1 1 1 0 1 1 1 1 1 0 1 1 0 1 0 1 0 1 0 0 0 0 0 0 0 1 1 1 1 1 1 1 0 1 0 1 1
1 44 1 0 1 1 0 1 1 1 1 1 1 1 1 1 1 1 0 1 1 1 1 0 1 0 1 0 1 1 1 1 0 1 0 1 1 1 1 0 1 1 1 0 1 0 1 1 1 0 1 1
1 45 0 1 0 1 1 1 0 1 1 1 1 0 0 0 1 0 1 1 1 1 1 0 0 1 0 1 1 1 0 0 1 1 0 1 0 1 1 1 1 1 1 1 1 1 0 0 1 1 1 0
1 46 0 1 0 1 1 0 1 1 1 1 1 1 1 0 1 1 1 1 1 1 1 1 1 1 0 0 0 0 1 1 0 0 1 0 1 0 0 0 1 0 0 1 0 0 0 1 0 0 0 1
1 47 1 0 0 0 1 0 1 0 0 1 1 1 0 0 0 1 0 1 0 0 1 1 0 0 0 0 0 1 1 0 0 0 1 0 0 0 0 0 0 0 1 0 0 0 0 0 1 0 0 1
1 48 0 0 0 0 1 0 1 0 0 0 1 0 0 1 0 0 0 0 1 0 0 1 0 1 0 1 0 1 0 1 1 1 0 1 0 0 1 0 0 0 0 1 1 0 0 0 1 1 0 0
1 49 0 0 1 0 0 0 0 1 0 1 0 0 0 0 0 0 1 0 1 0 0 0 0 0 1 0 0 0 0 0 0 0 0 0 0 0 0 0 0 1 0 0 0 0 0 0 0 0 0 0
1 50 0 1 1 1 0 1 1 1 1 1 0 1 1 1 1 1 1 1 1 0 1 1 0 1 1 1 0 1 1 1 1 1 1 1 0 1 1 0 1 1 1 0 1 0 1 1 1 1 1 1
1 51 0 0 0 1 1 0 0 1 0 1 1 1 0 0 0 1 1 0 0 1 0 0 0 0 0 0 0 0 0 0 0 0 0 0 0 0 0 0 0 0 0 0 0 0 0 0 1 1 0 0
1 52 1 1 1 1 0 1 1 0 1 1 0 1 1 0 1 1 0 0 0 0 1 1 0 1 1 0 0 0 1 1 1 0 1 0 1 0 0 0 0 0 0 0 0 0 1 0 1 1 0 1
1 53 1 1 0 1 0 0 0 1 1 1 0 0 1 1 0 0 1 1 0 0 0 1 1 0 0 0 1 0 1 0 0 1 0 0 1 0 0 0 0 1 0 1 1 1 0 0 1 0 0 0
1 54 0 0 1 0 0 0 0 0 1 0 0 0 0 0 0 0 1 0 0 0 0 0 0 0 0 0 1 0 1 0 0 0 0 0 1 0 0 0 0 0 0 0 0 0 0 0 0 0 0 0
1 55 0 1 0 0 1 0 0 1 1 1 0 1 0 1 1 0 1 0 0 0 0 0 0 1 0 0 0 0 0 0 1 1 0 0 1 1 1 0 1 0 0 0 0 0 1 1 0 0 0 1
1 56 1 1 0 1 0 1 0 1 0 1 1 1 1 1 0 1 1 1 1 1 1 0 1 1 0 0 0 0 1 1 1 1 1 0 1 0 1 1 0 1 1 1 1 1 1 0 1 1 1 0
1 57 0 0 0 0 0 1 0 1 0 0 1 0 0 1 0 0 0 0 0 0 1 0 0 0 0 0 0 0 0 0 0 1 0 0 0 0 0 0 0 0 0 1 0 0 0 0 0 1 0 0
1 58 0 0 0 1 1 1 0 0 0 0 0 1 0 0 0 1 0 1 1 0 0 0 1 0 0 0 0 0 0 0 0 0 0 0 1 0 0 0 0 0 1 1 0 0 0 0 0 1 0 1
1 59 1 0 1 0 0 1 1 1 1 1 1 1 1 1 0 1 1 1 1 1 0 1 0 1 1 1 1 1 1 1 1 1 1 1 1 1 1 1 1 1 1 1 1 1 1 1 0 0 1 1
1 60 1 1 0 0 1 1 1 1 0 0 0 0 1 1 1 1 1 0 1 0 1 1 1 1 1 0 0 0 1 1 0 1 1 1 0 0 1 1 0 0 0 1 1 1 1 1 1 0 1 1
1 61 0 0 1 1 0 1 0 0 0 1 0 0 0 0 0 0 0 0 0 0 0 0 0 1 1 1 0 1 1 0 1 0 0 1 0 0 0 0 0 0 0 0 0 0 0 0 0 0 0 0
1 62 1 1 1 1 1 1 1 1 1 0 1 1 1 1 0 1 1 0 1 0 1 1 1 1 1 1 1 1 1 1 1 0 0 1 1 1 1 1 0 1 0 0 1 1 1 1 0 1 1 1
1 63 0 0 1 1 1 1 0 0 1 0 1 1 1 0 0 1 1 0 1 0 0 1 1 0 1 1 0 0 0 1 1 1 0 1 0 1 0 0 0 1 0 1 1 0 1 0 1 1 0 1
1 64 0 0 0 0 0 0 0 0 1 0 1 0 1 0 1 1 0 0 0 0 0 0 0 0 0 0 0 0 0 0 0 0 0 0 0 0 0 0 0 0 0 0 0 0 0 0 0 0 0 0
1 65 1 1 0 1 1 1 0 0 0 1 0 0 1 1 1 1 1 1 1 1 1 1 0 0 0 1 1 1 0 1 0 1 0 1 1 0 0 1 0 1 1 0 0 0 1 1 1 1 1 1
1 66 1 0 1 1 1 1 1 0 1 1 1 0 1 1 1 1 0 1 1 1 1 1 0 1 1 1 1 1 1 1 1 1 0 1 1 1 0 1 1 1 0 1 1 0 1 0 1 1 1 1
1 67 1 1 1 1 0 1 1 1 1 1 1 1 1 1 1 1 1 1 1 1 1 1 1 0 1 0 1 1 0 1 0 1 1 1 0 1 1 1 0 0 0 0 1 1 0 0 1 1 1 1
1 68 0 0 1 0 1 1 1 1 1 1 1 0 1 1 1 1 0 0 1 1 1 1 1 1 1 1 1 1 1 0 1 1 0 0 0 0 1 0 1 1 1 0 1 1 0 1 1 1 0 1
1 69 0 1 1 1 1 1 1 1 1 1 1 1 1 1 0 1 1 1 0 0 1 1 1 1 0 1 0 1 1 1 0 1 0 0 0 1 1 0 0 1 1 1 0 1 0 1 0 1 1 0
1 70 1 1 1 1 1 0 1 1 1 1 0 1 1 1 1 1 1 1 0 1 1 1 1 1 0 1 1 1 1 1 1 1 0 0 1 1 1 1 1 1 0 1 1 1 1 1 1 1 1 1
1 71 0 1 0 0 0 0 1 0 1 0 0 1 1 0 1 0 1 0 1 1 0 0 0 0 0 1 0 0 0 1 1 1 0 0 0 0 0 0 0 0 0 0 0 0 0 1 1 0 0 1
1 72 0 0 0 0 0 0 1 1 1 0 0 0 0 0 0 0 0 1 0 0 1 0 0 0 0 0 0 0 0 0 1 0 0 0 1 1 0 1 0 0 1 0 0 0 0 0 1 0 1 0
1 73 1 1 1 1 1 1 1 0 1 1 1 1 1 1 1 1 0 0 1 1 1 1 1 0 1 1 1 1 1 1 1 1 1 1 1 1 1 0 1 1 1 1 1 1 1 1 1 1 0 1
1 74 1 0 0 0 0 0 1 1 1 1 1 1 1 1 0 1 0 1 0 0 1 1 1 1 1 1 1 1 1 1 0 1 1 0 0 1 0 1 1 0 1 0 1 1 1 1 1 0 1 0
1 75 0 1 1 1 0 1 1 0 1 1 1 1 1 0 1 1 0 1 1 1 1 0 0 1 1 1 0 1 0 0 0 1 1 1 1 1 1 1 1 0 0 1 1 0 1 1 1 0 0 1
1 76 1 1 0 1 1 1 1 0 0 1 1 0 1 1 1 0 0 0 0 1 0 1 1 0 1 1 1 0 0 1 1 1 1 0 1 0 1 1 0 1 0 1 0 0 1 1 1 1 0 1
1 77 1 1 1 0 1 1 0 1 1 0 0 1 1 0 0 1 0 0 1 1 1 1 1 0 1 0 0 1 0 0 1 0 0 1 0 0 1 0 1 0 0 1 0 0 1 1 0 1 1 0
1 78 1 1 0 0 1 1 1 0 1 0 0 0 1 1 1 1 0 1 0 1 1 0 0 1 0 1 1 0 0 0 0 0 1 0 1 1 0 0 1 1 0 1 0 0 0 0 1 0 1 0
1 79 1 1 1 1 1 0 1 1 0 0 1 0 1 1 1 1 1 1 1 0 1 1 1 1 0 1 1 1 1 1 0 1 1 1 1 0 1 0 1 1 0 0 1 1 0 1 1 1 1 1
1 80 1 0 0 0 0 0 0 1 0 0 1 0 1 1 0 0 1 1 1 0 1 0 0 1 1 1 1 1 0 0 1 1 1 0 0 0 0 0 1 1 0 1 1 1 1 0 1 0 0 0
1 81 0 1 1 0 1 0 1 1 1 1 1 0 0 1 1 0 1 1 0 1 1 1 0 1 1 1 1 1 1 0 1 1 1 1 1 0 1 1 1 0 1 1 1 1 1 1 1 0 1 1
1 82 0 0 1 0 0 1 1 1 1 1 1 1 1 1 1 1 1 1 1 1 0 1 0 1 1 1 1 0 1 1 1 0 0 1 1 1 0 0 0 0 1 1 0 0 1 1 0 1 1 1
1 83 0 0 0 1 1 0 0 0 1 0 1 0 0 0 1 1 0 0 1 0 1 1 0 1 1 1 1 1 0 0 0 1 0 0 0 0 1 0 1 0 0 1 0 1 0 0 0 0 1 1
1 84 1 0 0 0 0 0 0 0 1 0 0 0 0 0 0 1 0 0 0 1 1 0 0 0 1 0 0 0 0 1 0 1 0 0 1 0 1 0 0 1 0 1 1 1 1 0 0 0 0 0
1 85 0 0 0 0 1 1 0 1 0 0 0 1 0 0 0 0 1 0 0 1 0 1 0 1 0 0 0 0 1 0 0 0 0 0 0 0 0 1 0 0 0 0 0 0 1 0 1 0 0 1
1 86 0 0 1 1 1 0 1 1 1 1 0 0 1 0 1 1 1 0 1 1 0 0 1 1 1 1 1 0 0 1 0 1 1 0 0 0 0 1 1 1 1 0 1 1 1 1 0 1 0 0
1 87 0 1 0 0 1 1 0 1 0 0 1 0 1 0 0 0 1 1 0 1 1 0 0 1 0 0 0 1 1 1 0 0 0 1 0 0 0 0 0 0 1 0 0 0 1 0 0 0 0 1
1 88 0 0 0 0 0 0 0 0 0 0 0 0 0 0 0 0 0 0 0 0 0 0 0 0 0 0 0 0 0 0 0 0 0 0 0 1 0 0 0 0 1 0 1 0 0 1 1 1 0 1
1 89 0 1 1 0 1 1 0 0 1 0 0 1 1 1 1 0 0 0 1 0 0 1 0 1 1 0 0 1 1 0 0 1 1 0 1 0 1 0 1 0 0 1 0 1 1 1 0 1 0 1
1 90 1 1 0 0 0 1 1 1 1 1 1 0 1 1 0 0 0 1 0 0 1 1 0 1 0 1 0 0 0 1 1 0 1 0 1 0 1 0 0 0 0 1 1 0 0 1 0 1 0 1
1 91 1 1 1 0 0 0 0 1 0 0 0 0 1 1 1 0 1 1 0 0 0 1 0 0 0 1 1 1 1 1 0 1 0 0 0 0 0 1 1 1 0 1 1 1 0 0 1 0 0 0
1 92 1 1 1 0 1 1 1 1 1 1 1 1 0 1 1 1 1 1 1 1 1 0 1 1 1 1 0 1 1 1 1 0 1 0 1 1 1 1 1 1 1 1 1 1 1 1 1 1 0 1
1 93 1 1 0 1 1 1 1 0 1 1 1 0 0 1 0 1 1 0 1 1 1 1 1 1 1 1 1 1 1 1 1 1 1 0 1 1 1 0 1 1 1 1 0 1 1 1 0 1 1 1
1 94 0 1 0 1 0 0 0 0 0 1 0 0 0 0 1 1 0 1 0 1 0 0 1 1 1 0 0 1 0 1 1 0 1 1 0 0 0 1 0 1 0 0 1 0 1 0 1 0 1 1
1 95 0 1 0 0 1 1 0 1 0 0 0 1 0 1 0 1 1 0 1 0 0 1 0 1 0 1 1 1 1 1 1 1 1 1 1 0 1 1 1 0 1 0 1 1 1 1 0 1 1 0
1 96 0 0 0 0 0 0 0 0 0 0 1 1 0 0 0 0 0 0 0 0 0 1 0 1 0 1 0 0 0 0 0 0 0 0 0 0 1 0 1 0 0 0 0 0 0 0 0 0 0 0
1 97 1 1 1 0 1 1 0 1 1 1 0 1 0 0 1 0 0 0 0 1 1 1 1 0 1 1 0 1 0 0 1 1 1 1 1 0 0 0 0 0 0 1 1 0 0 1 1 1 1 1
1 98 0 0 0 0 0 1 0 0 0 0 1 0 0 1 0 0 0 1 1 0 1 1 0 0 1 0 0 0 1 1 1 1 1 1 0 1 0 0 0 0 0 0 0 0 0 0 1 0 1 0
1 99 0 0 0 0 0 0 0 0 0 0 0 1 0 0 0 1 0 0 0 0 1 0 1 0 0 0 0 0 0 0 0 0 0 1 0 0 0 0 0 0 0 0 0 0 0 0 0 0 0 1
1 100 1 1 0 0 0 1 1 1 1 1 0 1 1 1 0 1 1 1 1 1 1 1 0 1 0 1 1 0 1 1 1 1 1 1 1 1 0 1 1 1 1 1 1 0 1 1 1 1 1 1
2 101 0 1 0 0 1 1 0 0 0 1 0 1 1 0 0 0 1 0 1 0 1 0 1 0 1 0 0 1 1 0 0 1 1 1 1 1 0 1 0 0 0 1 1 1 0 0 1 1 0 0
2 102 1 0 0 1 0 1 0 1 1 1 1 1 1 1 1 1 1 0 0 1 1 1 1 1 0 1 1 1 0 1 0 1 1 0 1 0 1 1 1 1 1 0 0 0 1 1 1 1 1 1
2 103 0 0 0 0 0 0 0 0 0 0 0 0 0 0 0 0 0 0 0 0 0 0 0 0 0 0 1 0 0 0 0 0 1 0 1 0 0 1 1 0 0 1 0 0 0 0 1 0 0 1
2 104 0 0 0 0 1 0 0 1 0 1 0 0 0 1 1 0 0 0 1 0 0 0 0 0 1 0 0 1 1 1 0 0 1 0 0 0 0 0 0 0 0 0 0 1 0 0 0 0 0 0
2 105 1 1 1 1 1 1 1 1 1 1 1 1 1 0 0 1 1 0 1 1 1 1 1 1 1 0 1 1 0 1 0 1 0 1 1 0 0 1 0 1 1 1 1 0 1 1 0 1 1 1
2 106 1 1 0 0 1 1 1 1 0 0 1 0 0 1 1 1 0 1 1 1 1 0 0 0 1 1 1 1 1 0 1 1 1 1 0 1 0 0 0 0 0 1 0 1 1 0 1 0 0 0
2 107 0 1 1 1 1 1 1 1 1 1 1 1 1 1 1 1 1 1 1 1 0 1 1 1 0 1 1 1 1 1 1 0 1 1 1 1 1 1 1 1 0 1 1 1 1 1 1 1 1 1
2 108 1 0 1 1 1 1 1 1 1 1 1 1 0 1 0 0 1 1 1 1 1 1 1 0 1 1 1 0 1 0 1 0 1 1 1 1 1 0 1 1 1 0 1 1 1 1 1 1 1 1
2 109 1 0 0 1 1 0 1 0 1 0 1 1 1 1 1 1 1 0 1 1 1 1 1 0 1 1 1 1 1 1 0 1 1 1 1 1 1 1 1 0 1 1 0 1 1 1 0 1 0 1
2 110 1 0 1 0 1 1 1 1 1 1 1 1 1 1 1 0 1 1 1 0 1 0 1 1 1 0 0 0 0 1 0 0 0 1 0 0 1 1 1 1 1 0 0 1 1 1 0 1 1 0
2 111 0 1 0 0 0 1 0 1 0 0 0 0 0 1 1 0 1 0 1 1 1 0 0 1 1 0 1 1 0 1 1 1 0 0 1 1 1 1 1 0 1 0 1 1 1 1 1 1 1 0
2 112 0 0 0 0 0 0 0 0 0 0 0 1 0 0 0 0 0 1 0 1 0 1 0 0 0 0 0 0 0 0 0 1 0 0 0 0 0 0 0 0 0 0 0 0 0 1 0 0 0 0
2 113 0 0 1 1 0 0 0 0 0 0 0 0 0 1 0 0 1 1 1 0 1 0 0 0 0 0 0 0 0 0 0 0 0 1 0 0 0 0 0 0 1 1 0 1 0 0 0 0 0 0
2 114 1 1 1 0 0 1 1 1 1 1 0 1 1 1 0 1 1 1 1 1 1 1 1 1 1 1 1 0 1 0 1 1 1 1 0 1 1 1 0 1 1 1 0 1 1 1 1 1 1 0
2 115 0 0 0 0 0 0 0 0 0 0 0 0 0 1 0 1 0 0 0 0 0 1 0 0 0 1 1 0 0 0 1 0 0 0 0 1 0 0 0 0 1 1 0 1 1 1 1 0 1 0
2 116 1 1 1 1 1 1 0 0 1 1 0 1 0 1 1 1 1 0 1 0 1 1 0 1 1 1 1 1 0 0 0 0 1 1 0 1 0 1 0 0 0 0 1 1 1 0 1 0 1 1
2 117 1 1 0 0 1 0 1 1 1 0 1 0 1 1 1 1 0 1 1 0 0 1 0 0 1 1 1 1 1 1 1 1 1 1 1 0 1 0 1 0 1 0 0 1 0 1 0 1 0 0
2 118 1 1 1 1 1 1 1 1 1 1 1 1 1 1 1 1 1 1 1 1 1 1 1 0 1 1 1 1 0 1 1 1 1 0 1 1 1 1 1 0 1 1 0 1 1 1 1 1 0 0
2 119 1 1 1 0 1 0 1 1 1 1 0 0 1 0 0 1 1 0 0 0 1 1 1 1 1 0 1 1 0 0 0 1 1 0 1 1 1 0 0 0 1 0 0 1 1 0 1 0 1 1
2 120 0 0 0 0 0 0 0 1 0 1 0 0 1 0 1 0 0 0 0 0 0 1 1 0 0 0 1 0 0 0 1 0 1 0 0 1 1 1 0 0 0 0 0 0 0 1 0 0 0 0
2 121 0 0 0 0 0 0 0 0 0 0 0 0 0 0 0 0 0 1 1 1 0 0 0 0 0 0 0 0 0 1 0 0 1 0 0 0 0 0 0 0 0 0 0 0 0 0 1 1 0 0
2 122 0 1 1 0 0 0 1 1 1 0 0 1 1 0 0 1 0 1 1 1 1 0 1 0 0 0 1 0 1 1 1 1 1 1 1 1 0 1 1 1 1 1 1 1 1 0 0 1 1 0
2 123 1 1 0 1 0 1 1 0 1 1 0 0 0 1 1 0 1 1 1 1 1 0 0 1 1 1 1 0 1 1 1 0 1 1 1 0 1 0 1 0 0 1 1 1 1 0 0 1 0 1
2 124 0 0 0 0 0 0 0 0 1 0 0 1 0 0 1 1 0 0 0 0 0 1 1 0 0 0 0 0 0 0 0 0 0 0 0 0 0 0 0 0 0 0 1 0 0 0 0 0 1 1
2 125 1 0 1 1 1 1 1 0 1 1 0 1 1 1 1 1 1 1 0 0 1 1 1 1 1 0 1 1 1 1 1 0 1 1 0 1 1 1 1 1 1 1 1 1 1 1 1 1 0 1
2 126 0 0 0 0 0 1 0 0 1 1 1 0 0 0 1 1 1 1 0 1 0 0 1 1 0 1 1 1 0 1 1 0 1 0 0 0 0 0 0 0 0 1 0 0 1 0 1 1 1 0
2 127 1 1 0 1 1 0 1 1 0 0 1 0 0 1 1 0 1 0 0 0 0 1 0 1 0 0 0 1 1 0 1 1 0 0 0 0 0 0 1 0 0 0 0 0 1 1 0 0 0 0
2 128 0 1 1 1 1 1 1 1 1 1 1 1 1 1 1 0 1 1 1 1 1 1 1 1 1 0 1 1 1 1 1 1 0 1 1 1 1 1 1 1 1 1 1 1 1 1 1 0 1 1
2 129 1 1 1 0 1 1 1 1 1 1 1 1 0 1 1 1 1 1 1 0 1 0 1 1 1 1 0 1 1 1 0 0 1 0 0 0 1 1 0 1 1 0 0 1 1 1 1 1 1 1
2 130 1 0 0 1 0 0 1 0 0 1 1 0 0 0 0 0 0 0 1 0 0 0 0 0 0 0 0 0 0 0 1 0 0 0 0 0 0 0 0 0 0 0 0 0 0 0 0 0 0 0
2 131 0 1 0 0 1 1 0 1 1 0 1 1 1 0 0 1 0 1 0 0 0 1 0 0 1 1 0 1 1 0 0 0 1 0 0 0 1 1 1 0 0 1 0 0 0 0 0 0 1 1
2 132 1 1 1 1 1 1 0 0 0 1 1 0 1 1 0 1 1 0 1 1 1 1 1 1 1 1 1 1 1 1 1 1 1 1 1 1 1 1 1 0 1 1 1 1 1 1 1 1 1 1
2 133 0 0 0 0 0 0 0 1 1 0 1 0 0 0 1 0 0 0 0 0 0 0 0 0 0 0 0 0 0 1 0 0 0 0 0 0 0 1 0 1 0 1 1 1 0 0 0 0 0 0
2 134 1 0 0 0 0 1 1 0 0 0 0 0 1 0 0 0 0 0 0 1 1 0 0 0 0 0 1 1 0 1 0 0 0 0 0 0 1 0 1 0 0 1 0 0 0 0 0 1 0 0
2 135 0 1 0 0 0 0 1 0 0 1 1 1 1 1 1 1 1 0 0 0 1 0 0 0 0 1 1 0 1 0 0 1 0 0 0 0 0 0 1 1 0 0 0 0 1 0 0 0 0 1
2 136 1 1 1 0 1 1 0 0 0 1 1 0 1 1 0 0 1 0 1 0 0 1 0 1 1 1 1 0 1 0 1 0 0 0 0 0 0 0 1 0 1 1 1 1 1 0 1 1 1 1
2 137 0 0 1 1 0 1 0 1 0 0 0 1 0 1 0 0 0 0 1 0 1 0 1 1 0 1 1 1 0 0 1 0 1 0 0 0 1 1 1 0 0 0 0 0 1 0 1 1 1 0
2 138 0 0 0 1 0 1 1 0 1 0 0 0 1 0 0 0 0 1 0 0 0 0 0 0 1 1 0 1 0 1 0 0 1 1 0 1 1 0 0 0 0 1 0 0 0 1 1 1 0 1
2 139 1 1 0 0 0 0 0 0 0 1 0 0 1 0 1 1 1 1 1 1 1 0 1 0 0 1 1 1 1 1 0 1 1 1 1 1 0 0 1 1 1 1 1 1 1 0 0 0 1 1
2 140 1 0 1 0 1 1 1 1 1 1 0 0 0 1 0 1 0 1 1 1 1 1 1 1 1 1 1 1 1 1 1 1 1 1 1 1 1 1 1 1 1 1 1 1 1 1 1 1 1 1
2 141 1 1 1 1 1 1 1 1 1 0 1 1 1 1 1 1 1 1 1 0 0 0 1 1 1 1 1 1 1 1 1 1 1 1 1 1 1 1 1 1 1 0 1 1 1 1 1 1 1 1
2 142 1 0 0 0 1 1 0 1 1 1 1 1 0 1 1 1 0 1 1 1 0 1 1 0 0 0 1 0 1 0 1 0 1 0 0 1 1 0 0 1 1 1 0 1 1 0 0 1 1 1
2 143 1 1 1 0 1 1 0 0 1 0 1 1 1 1 1 1 1 1 1 1 1 1 0 1 1 0 0 1 1 0 1 1 0 1 0 1 1 1 1 1 1 1 1 1 1 0 1 1 1 1
2 144 0 0 1 0 1 1 0 1 0 0 0 0 0 1 0 0 0 0 0 1 1 0 1 0 0 0 0 0 0 0 1 0 0 0 0 0 1 0 0 0 0 1 0 0 0 0 1 0 0 0
2 145 1 0 1 0 0 1 1 1 0 1 0 0 0 1 1 0 1 0 0 1 0 0 1 1 1 1 0 1 1 0 0 1 1 1 1 1 0 1 1 1 0 1 0 1 0 1 0 0 0 1
2 146 1 0 0 1 0 0 0 0 0 1 0 1 0 0 0 1 0 0 0 0 0 1 0 0 0 0 0 0 0 0 0 0 0 0 0 0 0 0 0 0 0 0 0 0 0 0 0 0 0 1
2 147 1 1 0 1 0 1 0 0 1 0 1 1 1 1 0 1 0 1 1 1 0 0 1 1 0 1 1 1 1 1 0 1 0 1 1 1 1 1 0 1 1 1 1 1 1 1 1 0 1 1
2 148 1 1 1 1 1 0 1 1 1 1 1 1 1 1 0 0 1 0 0 1 1 1 0 1 1 1 1 1 1 0 1 1 1 0 1 1 0 1 1 1 0 1 1 1 1 1 1 1 0 1
2 149 1 1 1 0 1 0 0 0 0 1 0 1 0 0 1 0 0 0 0 1 1 0 0 0 1 1 1 0 1 0 1 1 1 0 1 1 0 1 1 0 1 0 1 1 1 1 0 0 0 1
2 150 1 1 0 0 0 1 0 0 1 0 1 1 1 1 0 1 0 0 1 1 1 0 1 0 0 0 0 0 1 0 0 0 0 1 1 0 0 0 0 0 0 1 0 0 1 0 0 0 1 1
2 151 1 1 0 0 0 0 0 1 1 0 1 1 1 1 1 1 0 1 1 1 1 0 1 1 1 1 1 1 1 1 0 1 1 1 0 0 1 1 0 1 1 0 1 1 1 1 1 1 1 1
2 152 1 1 0 1 1 1 1 0 0 0 1 1 0 1 1 0 1 1 1 1 0 1 1 0 1 1 1 0 1 1 0 1 1 1 1 1 1 1 1 1 1 1 0 0 0 0 1 0 1 1
2 153 1 1 1 1 1 1 1 1 1 1 1 1 1 1 1 0 1 1 1 1 1 1 1 1 1 1 1 1 0 0 1 1 1 1 1 1 1 1 0 1 1 1 1 1 1 1 1 1 1 0
2 154 1 1 1 0 1 1 1 1 1 1 0 1 1 0 1 1 1 1 1 1 1 0 1 1 0 1 1 1 1 1 1 1 1 1 1 1 1 1 1 1 1 1 1 1 1 1 1 1 1 1
2 155 1 1 1 0 1 1 1 1 1 1 0 1 1 1 0 0 1 0 0 1 0 1 0 1 1 1 1 0 1 1 1 1 1 0 1 0 1 1 1 1 1 1 1 0 1 1 1 0 1 1
2 156 1 1 1 1 1 1 1 1 1 1 1 1 0 1 0 1 1 1 0 1 1 1 1 1 1 1 1 1 1 1 1 1 1 1 1 1 1 1 1 0 1 1 0 1 1 1 1 1 1 1
2 157 1 1 0 0 0 0 0 1 0 1 1 1 0 0 0 0 0 1 0 1 1 0 1 1 1 1 0 0 0 0 0 0 0 1 0 0 0 0 0 1 0 1 0 0 1 0 0 0 0 0
2 158 1 1 1 1 0 0 0 1 1 0 1 1 1 0 1 1 0 1 1 1 0 1 1 0 0 0 1 0 0 1 0 1 0 0 0 1 1 1 0 1 1 1 1 1 1 1 0 0 0 0
2 159 0 0 0 0 1 1 1 1 0 0 0 1 0 0 0 1 1 0 0 1 1 0 0 0 0 0 0 0 0 1 0 1 1 1 1 1 0 0 0 1 1 1 1 1 0 1 1 1 1 1
2 160 0 0 0 0 0 0 0 0 0 1 0 0 1 1 0 1 0 1 0 1 0 0 0 0 0 0 0 0 0 0 0 1 0 0 1 1 0 0 0 0 1 0 0 0 0 1 0 0 0 0
2 161 0 0 1 0 1 0 1 1 0 1 1 1 1 1 1 0 0 1 1 1 0 1 1 0 1 1 1 1 1 1 0 1 0 0 1 0 1 1 1 0 1 1 1 1 1 0 1 0 1 0
2 162 1 1 1 1 1 1 1 1 0 1 1 1 1 1 1 1 1 1 1 1 1 1 1 1 1 1 0 1 1 0 1 1 1 0 1 1 1 1 1 1 0 1 1 1 0 1 1 1 1 1
2 163 0 1 0 0 0 1 1 0 1 1 1 0 0 0 0 0 0 0 0 1 0 1 0 0 0 0 0 1 0 0 0 1 1 1 0 0 0 1 0 0 1 0 1 1 1 0 0 0 0 1
2 164 0 0 0 0 0 0 1 0 1 0 1 1 1 0 0 0 0 0 0 0 0 0 1 1 0 0 0 0 1 0 0 1 1 0 0 0 0 0 0 0 0 0 0 0 0 0 0 1 1 1
2 165 1 0 0 0 0 0 0 0 0 0 1 0 0 1 0 0 0 0 0 0 0 0 0 0 1 0 0 1 0 0 0 1 0 0 1 0 1 0 0 0 0 0 0 1 0 0 0 0 0 0
2 166 0 0 0 0 0 1 0 1 1 1 0 0 1 1 0 1 0 0 0 0 1 0 0 0 0 1 0 0 1 0 0 0 0 0 0 0 1 1 0 0 0 1 0 0 0 0 0 0 1 0
2 167 1 0 0 1 1 0 1 1 0 1 0 1 1 0 0 0 1 0 0 1 0 1 1 1 0 1 1 0 1 0 0 1 1 0 1 0 1 0 0 1 1 1 0 1 1 1 1 0 0 1
2 168 0 1 0 0 1 0 0 1 0 1 0 0 1 0 1 0 1 0 1 0 1 0 0 0 1 1 0 0 1 1 1 1 0 1 1 0 1 0 1 1 1 0 1 1 0 0 1 1 1 0
2 169 1 0 0 0 1 1 1 0 0 0 1 0 1 1 0 1 1 0 0 1 1 1 1 1 0 0 1 1 0 1 0 0 1 0 1 1 1 1 1 1 1 1 0 0 0 0 1 1 1 0
2 170 0 0 0 0 0 1 1 0 0 0 1 0 1 1 0 0 1 0 0 1 0 0 1 1 0 1 1 0 0 1 1 1 0 0 0 0 1 1 0 1 1 1 1 1 1 1 0 0 1 1
2 171 1 0 0 0 0 0 1 1 1 1 1 0 1 1 0 0 0 1 1 1 0 1 1 0 1 0 0 1 0 0 0 0 1 1 1 1 0 1 1 1 0 0 0 1 1 0 0 1 1 0
2 172 0 0 0 0 0 0 0 1 1 0 0 1 0 0 0 1 0 1 0 0 0 0 1 0 0 0 1 0 1 0 1 1 0 0 0 1 1 0 1 1 0 0 0 1 0 0 1 1 1 0
2 173 1 0 1 0 0 0 0 0 1 1 0 0 1 1 0 0 0 0 1 0 0 0 0 0 1 1 0 0 0 0 0 0 0 0 0 0 0 0 1 0 0 0 0 0 0 0 1 0 0 0
2 174 0 1 1 1 1 0 0 1 1 1 0 0 0 1 0 0 1 1 1 1 1 1 1 1 0 1 1 0 1 0 1 1 1 0 0 0 1 1 1 0 1 1 0 1 1 1 0 0 0 1
2 175 0 0 0 0 0 0 0 0 0 1 0 1 0 0 0 0 1 1 0 0 1 0 1 1 0 1 0 0 0 0 0 1 0 0 1 0 1 0 1 0 0 0 0 1 0 0 1 1 1 1
2 176 0 1 0 0 0 0 0 0 0 0 0 0 1 0 0 0 1 0 0 0 0 1 0 0 0 1 0 0 0 0 1 1 0 0 0 1 1 0 0 0 1 0 1 0 0 0 0 0 0 1
2 177 0 0 0 0 1 0 0 1 0 1 0 0 1 1 0 0 0 1 1 0 0 1 0 0 0 0 1 1 1 1 1 1 0 1 1 1 0 0 0 0 1 1 0 0 0 1 0 0 1 0
2 178 1 0 1 1 1 1 1 1 0 0 0 1 1 0 0 1 0 0 0 1 1 0 0 1 1 1 1 1 0 0 1 0 1 0 0 0 1 0 1 0 0 1 0 0 0 1 1 0 0 0
2 179 0 1 0 1 1 0 0 0 1 1 1 1 1 1 1 1 0 1 0 1 0 0 0 0 1 1 1 1 0 0 1 1 1 0 0 0 0 1 0 0 1 1 0 1 0 1 0 1 0 0
2 180 0 0 0 0 0 0 0 0 0 0 0 0 0 1 1 0 1 1 1 1 0 1 1 1 0 0 1 0 0 0 0 0 0 1 0 0 0 0 0 0 0 0 1 0 0 0 0 0 0 0
2 181 0 0 0 0 1 0 0 0 0 1 0 0 0 1 0 1 0 1 1 1 1 1 0 0 0 0 0 1 0 1 1 0 0 0 0 0 0 0 1 0 0 0 0 1 0 1 0 0 0 0
2 182 1 1 0 1 1 1 1 1 1 1 0 1 1 1 1 1 0 1 0 1 1 1 1 1 1 1 1 0 1 1 1 1 1 1 0 0 0 1 0 1 1 1 1 1 1 0 1 1 1 0
2 183 1 0 0 0 0 0 0 0 0 0 0 0 0 1 0 0 0 1 0 1 0 0 0 0 0 1 0 0 1 0 0 1 0 1 0 0 0 0 0 0 0 0 0 0 0 0 0 1 1 1
2 184 1 0 0 0 0 0 1 0 1 0 0 0 0 1 0 0 0 1 0 1 0 0 0 1 0 0 0 1 0 0 1 0 0 0 0 0 0 0 0 0 0 1 0 0 0 0 1 0 0 0
2 185 0 0 1 1 0 1 1 0 1 0 0 0 0 1 0 0 0 0 0 0 0 0 0 1 0 0 0 0 1 1 0 1 0 0 0 0 0 0 0 1 1 0 0 1 1 1 0 1 0 0
2 186 0 1 1 1 0 0 0 0 1 0 0 1 0 1 0 0 0 0 0 1 0 0 0 1 0 0 0 0 0 0 1 1 0 0 0 1 0 0 0 0 0 0 1 0 0 0 0 0 0 0
2 187 1 1 0 1 0 1 1 0 1 1 1 1 1 1 0 0 1 1 1 0 1 0 1 1 1 1 1 0 1 1 1 1 1 0 1 1 1 1 1 1 1 0 0 1 1 0 0 0 0 1
2 188 0 1 0 0 0 0 0 1 1 1 1 1 1 0 0 1 0 1 0 1 0 0 0 0 0 0 0 1 0 1 1 0 0 0 0 0 0 0 1 0 0 1 0 0 0 1 0 0 0 0
2 189 1 1 1 1 0 0 1 1 1 1 1 1 1 1 1 1 1 1 1 0 1 1 0 1 1 1 0 0 0 1 0 1 1 1 0 0 1 1 0 1 1 1 1 1 1 1 1 0 1 1
2 190 1 1 1 0 0 1 1 1 1 0 1 0 1 1 0 1 0 1 0 1 1 1 1 1 1 1 1 1 0 1 1 1 1 1 1 1 1 1 1 1 0 1 1 1 1 1 1 1 1 1
2 191 1 1 1 1 0 1 1 1 1 0 1 0 0 0 1 1 1 0 1 1 1 0 1 1 1 0 1 1 0 1 1 1 1 0 1 1 1 1 1 0 1 1 1 1 0 1 0 1 0 1
2 192 0 0 0 0 1 0 0 1 0 0 0 0 0 0 1 0 0 0 0 0 0 0 0 0 1 0 0 0 1 0 0 0 1 0 1 0 0 0 0 0 0 0 0 0 1 0 1 0 0 1
2 193 1 0 0 1 1 1 1 0 1 1 1 0 0 1 1 1 0 0 1 0 1 1 1 1 1 0 1 0 1 1 1 1 1 1 0 1 1 1 1 1 1 0 1 1 1 1 1 0 0 1
2 194 1 1 1 1 0 1 0 1 1 1 0 1 0 1 0 0 0 0 1 1 1 1 1 1 1 1 1 0 0 1 1 1 1 0 0 1 0 0 1 0 1 0 1 0 0 1 1 0 1 1
2 195 0 0 0 1 1 0 0 1 0 1 0 1 1 1 1 0 0 1 1 0 1 1 1 1 1 0 1 0 0 0 1 1 1 1 1 1 1 1 1 0 0 1 1 1 0 0 0 1 1 1
2 196 1 1 1 1 1 1 1 0 1 1 1 1 1 1 1 1 1 0 1 1 0 1 1 1 1 1 1 0 1 1 0 1 1 1 1 1 0 1 1 0 1 1 0 1 1 1 1 1 1 1
2 197 0 0 0 0 1 0 0 0 0 0 0 1 0 1 0 0 0 0 0 0 0 0 0 0 0 0 0 1 0 0 1 0 0 0 0 0 1 1 0 0 0 0 1 1 0 1 0 0 1 0
2 198 0 1 0 0 0 1 1 0 1 0 0 0 1 0 0 0 0 1 0 0 0 0 0 0 0 0 0 0 1 0 1 1 0 0 0 0 0 0 0 0 0 1 1 0 0 1 1 0 0 0
2 199 1 1 1 1 1 0 1 0 0 0 1 0 1 1 1 0 1 0 0 0 1 1 1 1 1 0 1 0 1 1 1 1 0 0 1 1 1 0 1 1 1 0 1 1 0 0 1 1 1 1
2 200 0 1 0 1 1 0 0 0 1 0 1 1 0 1 1 1 0 1 1 0 1 0 0 0 0 1 1 0 1 1 1 1 1 0 1 1 1 1 1 1 1 0 1 1 1 1 1 1 1 1
3 201 1 0 1 0 1 1 0 0 1 0 1 1 1 1 0 1 0 0 1 0 1 1 1 1 1 1 1 1 0 0 1 0 0 0 1 1 1 1 0 1 0 0 0 1 1 1 1 0 0 0
3 202 0 1 1 0 1 1 1 0 1 1 1 0 0 0 0 0 1 1 0 1 0 0 1 1 0 1 0 0 0 0 0 0 0 1 0 0 1 1 0 1 1 1 1 0 0 1 0 1 1 1
3 203 1 1 0 0 0 0 0 0 1 0 0 0 0 0 0 0 0 1 1 1 0 0 0 0 0 0 0 1 0 0 0 0 1 0 1 1 1 0 0 1 0 0 0 0 0 0 0 0 0 0
3 204 0 0 1 0 0 0 0 0 0 1 0 0 1 0 0 0 1 1 0 1 0 0 1 1 1 0 0 0 0 1 0 0 0 1 0 1 0 0 0 0 1 0 0 1 0 1 0 0 1 0
3 205 0 0 0 0 0 1 0 0 0 0 0 0 0 0 1 0 0 1 1 0 0 0 1 0 0 0 1 0 0 0 0 1 0 1 0 0 1 0 1 0 0 0 0 1 1 0 0 0 0 0
3 206 0 1 0 1 1 0 0 0 0 0 0 0 0 0 0 0 0 0 0 0 0 0 0 0 0 0 0 0 0 0 0 0 1 0 1 0 0 0 0 0 1 0 0 0 0 0 0 0 0 0
3 207 0 0 0 1 0 1 0 1 0 0 0 0 0 0 0 0 0 0 0 0 0 0 1 1 0 1 0 1 0 1 0 0 1 1 1 1 1 0 1 0 0 0 1 0 1 1 1 0 0 0
3 208 0 1 1 1 1 1 1 1 1 1 0 1 1 0 0 1 0 1 0 1 1 1 1 1 1 1 1 1 1 1 1 0 1 1 0 1 1 1 1 0 1 1 1 1 0 1 1 1 1 0
3 209 1 1 0 1 1 1 1 1 0 1 1 1 1 1 1 1 1 1 1 1 1 1 1 0 1 1 1 1 1 1 1 1 1 1 1 1 1 1 1 0 1 1 1 1 0 0 1 1 1 1
3 210 0 1 1 0 0 0 1 1 0 1 1 0 0 1 1 1 0 1 0 1 1 0 0 0 1 0 1 0 1 1 0 1 0 1 1 1 1 1 0 0 1 0 1 1 0 1 0 1 1 1
3 211 1 0 0 0 0 0 0 1 0 0 1 1 1 0 1 0 0 0 0 1 0 0 0 0 0 0 0 0 1 1 0 0 0 0 1 0 0 0 0 1 1 0 1 1 0 0 0 0 1 1
3 212 1 1 0 0 1 1 1 0 1 1 1 0 1 0 0 1 0 1 0 1 0 1 0 0 0 1 1 1 1 1 1 1 0 1 1 0 0 0 1 1 1 0 1 0 0 1 0 0 0 1
3 213 1 1 0 0 1 0 0 0 1 1 0 1 0 0 1 1 0 1 0 1 1 1 1 1 0 0 1 0 0 0 0 0 0 0 0 0 0 1 1 0 1 0 0 1 1 0 1 0 0 1
3 214 0 0 0 0 1 0 1 0 1 1 0 1 0 1 0 0 1 0 1 0 0 0 1 1 1 0 1 0 1 1 1 1 1 0 1 0 1 0 1 1 1 0 1 1 0 1 0 1 0 1
3 215 1 0 1 0 0 1 1 1 1 1 1 1 1 0 1 1 0 0 0 0 0 0 0 0 0 1 1 1 1 1 1 1 0 0 1 0 0 0 1 1 0 0 0 0 0 1 1 1 0 1
3 216 1 1 0 0 1 1 1 0 0 0 1 1 1 0 0 1 1 1 0 0 1 1 1 1 1 1 1 1 1 1 1 1 0 1 1 1 0 0 0 0 1 0 1 1 0 1 0 1 0 1
3 217 0 0 1 0 0 0 0 0 1 0 1 0 0 1 0 0 1 0 0 1 0 0 0 0 0 0 0 1 0 0 0 0 0 0 0 0 0 1 1 0 1 0 1 1 0 0 1 0 0 1
3 218 0 1 0 1 0 1 0 1 0 1 1 1 1 1 1 1 1 1 1 1 1 0 1 1 1 1 1 1 1 0 0 1 1 1 1 1 1 1 1 1 1 1 1 0 1 1 1 1 1 1
3 219 1 0 0 1 1 1 0 0 1 1 1 0 1 1 1 1 1 1 1 1 1 1 1 0 1 0 1 1 0 0 1 1 0 0 0 0 1 1 0 0 0 1 0 1 1 1 0 1 1 0
3 220 1 1 1 1 1 1 1 0 1 1 1 1 1 1 1 1 1 1 1 1 1 1 1 1 1 1 1 1 1 1 1 1 1 1 1 0 1 1 1 0 1 1 1 1 1 1 1 0 1 0
3 221 0 0 0 0 0 0 0 0 1 0 0 0 1 0 0 1 0 0 0 1 0 0 0 0 0 0 0 0 0 1 0 1 0 0 0 0 0 0 1 0 0 0 0 0 0 0 0 0 0 1
3 222 1 1 1 1 1 1 1 1 1 1 1 1 1 1 1 1 1 1 1 1 1 1 0 0 0 1 1 1 1 1 1 1 1 1 0 1 1 1 1 0 1 1 1 1 0 0 1 1 1 1
3 223 0 0 0 1 1 0 1 0 1 1 1 1 0 0 1 1 0 1 1 1 1 1 0 1 1 1 1 1 1 1 0 1 0 1 1 1 1 1 1 1 1 1 1 1 1 1 1 1 1 1
3 224 1 1 1 1 1 1 1 1 0 1 0 1 1 1 1 1 1 1 1 1 1 1 1 1 0 1 0 0 1 1 1 1 1 1 0 1 1 0 1 1 0 0 1 0 1 1 1 1 1 0
3 225 0 0 0 0 1 0 1 0 0 1 1 0 1 0 0 0 0 0 1 1 0 1 1 0 1 0 0 0 1 0 0 1 0 1 1 1 1 0 0 0 1 1 0 0 1 1 1 0 1 0
3 226 0 1 1 1 1 1 1 1 1 0 0 1 1 1 1 0 1 1 1 0 0 0 1 1 1 1 0 1 0 0 0 1 1 1 1 0 1 1 0 1 1 1 0 0 1 1 1 1 1 1
3 227 1 0 0 0 0 0 0 0 1 0 1 1 0 0 1 0 0 0 1 0 0 0 0 1 1 0 0 0 1 0 1 0 0 0 0 0 1 1 0 1 0 0 0 0 0 0 0 1 1 0
3 228 1 1 0 1 1 1 1 1 0 0 0 1 1 0 1 0 1 1 1 1 0 1 1 0 1 0 1 1 1 1 1 1 1 0 1 1 1 1 0 0 1 0 0 1 1 1 1 1 1 1
3 229 0 0 0 1 0 1 1 1 1 1 1 0 1 1 1 0 1 1 0 0 0 0 1 0 0 0 1 1 1 1 1 1 1 0 0 0 1 1 0 0 1 0 0 1 1 1 0 1 1 1
3 230 1 1 0 1 0 0 1 1 0 0 0 1 1 1 0 0 0 1 0 1 0 0 1 1 1 0 0 1 1 1 1 1 1 1 1 0 1 1 1 0 1 1 1 1 0 1 1 0 1 1
3 231 1 1 1 1 1 1 1 1 1 0 1 1 1 1 1 0 1 1 1 1 1 1 1 1 1 1 1 1 1 1 1 1 1 0 1 1 1 1 0 1 1 1 1 1 1 0 1 1 1 1
3 232 0 1 1 1 1 1 1 1 1 0 1 1 0 1 1 0 1 1 1 1 1 1 1 1 1 0 1 0 1 0 1 1 1 0 1 1 1 1 1 1 1 1 1 1 1 1 0 0 0 0
3 233 1 1 1 1 1 0 1 0 0 0 0 1 0 1 0 1 0 0 0 1 1 1 0 0 0 1 0 1 1 0 1 0 1 1 1 1 1 1 0 0 1 0 1 1 1 1 1 1 0 1
3 234 1 1 1 0 1 1 1 1 0 1 1 1 1 1 1 1 1 0 1 1 1 1 1 0 1 1 1 1 1 1 1 0 1 1 1 1 1 1 1 1 0 1 1 1 1 1 1 1 1 1
3 235 0 0 0 1 0 0 1 1 0 0 0 0 0 0 0 0 1 1 0 1 0 1 0 1 1 1 0 1 0 0 0 0 1 0 1 0 0 0 0 1 1 0 0 0 0 1 1 1 1 0
3 236 1 1 0 1 1 1 1 1 1 1 1 1 1 0 1 0 1 0 1 1 0 1 1 1 1 1 0 1 1 1 1 1 0 1 1 1 0 1 1 1 1 1 1 1 1 1 1 1 1 1
3 237 1 1 0 0 0 0 0 0 1 0 0 0 1 0 1 0 1 1 1 1 0 0 0 0 1 0 1 1 1 0 0 0 1 1 1 1 0 1 1 1 1 1 1 1 0 1 0 0 1 0
3 238 0 1 0 1 0 0 0 1 0 1 1 0 0 0 0 1 0 0 1 0 1 1 1 1 1 1 1 1 1 0 0 1 0 0 1 1 1 0 0 1 0 0 1 0 1 1 0 1 1 0
3 239 0 0 0 0 0 0 0 0 0 0 0 0 0 0 1 0 0 1 0 0 0 0 1 1 0 0 0 0 0 0 0 0 0 0 0 0 1 0 0 0 0 0 0 0 0 0 0 0 0 0
3 240 0 0 0 0 0 0 0 0 0 0 0 0 0 0 1 0 0 0 0 0 0 0 1 0 1 0 0 0 0 0 0 0 0 0 0 0 1 0 0 0 1 0 0 0 1 1 0 0 0 0
3 241 0 0 0 0 1 0 0 1 1 1 0 1 0 0 0 0 1 0 1 0 0 0 1 0 0 1 1 1 0 1 0 1 0 1 1 1 1 1 1 0 0 0 1 1 1 0 1 1 1 1
3 242 0 0 0 0 1 1 0 1 0 0 0 1 1 1 0 0 1 0 0 1 1 0 0 1 1 1 1 1 1 1 1 1 1 0 1 1 0 1 1 1 1 1 0 1 0 1 1 0 1 1
3 243 1 0 0 0 0 1 1 0 1 0 1 1 1 1 0 0 0 0 1 1 0 0 0 0 0 1 1 1 1 1 1 1 1 1 0 1 1 1 1 1 1 0 1 1 1 1 0 1 1 1
3 244 0 1 1 1 0 1 1 1 1 0 1 0 0 1 0 1 1 0 1 1 1 0 1 0 0 0 0 1 0 0 1 1 1 0 0 1 0 0 1 1 0 1 0 1 1 0 0 0 0 1
3 245 1 0 0 0 1 0 0 0 0 0 0 0 0 0 0 0 0 1 0 0 0 0 0 0 0 1 0 0 0 0 0 0 0 0 0 0 1 0 0 0 0 0 0 0 0 0 0 0 0 1
3 246 1 1 1 0 1 0 1 1 1 1 1 0 1 1 1 1 1 1 1 0 1 1 1 1 0 1 1 1 1 0 1 1 0 0 1 1 0 0 1 1 1 1 1 1 1 1 1 1 1 1
3 247 1 0 1 1 1 1 1 1 0 1 1 1 1 1 1 1 1 1 1 1 1 1 0 1 1 1 0 1 1 0 1 1 1 1 1 0 1 1 0 1 1 1 0 1 1 1 1 1 1 1
3 248 0 0 1 1 1 0 0 0 0 1 0 0 0 0 0 0 0 0 0 0 0 0 0 0 0 1 1 0 1 1 0 0 0 1 0 0 0 0 0 1 0 0 0 0 0 0 0 0 1 0
3 249 1 1 1 1 0 1 0 1 1 1 0 0 1 1 1 1 0 0 1 1 1 1 1 1 1 0 1 1 0 1 0 1 1 1 1 1 0 0 1 1 1 0 1 1 0 1 1 1 1 1
3 250 0 0 1 0 1 0 0 0 0 0 1 1 1 0 0 0 0 0 0 0 1 0 0 1 1 1 0 0 1 0 1 0 0 0 1 1 0 0 0 0 0 1 0 0 1 0 1 1 0 1
3 251 0 1 0 0 0 0 0 1 0 0 0 0 0 0 0 0 0 0 0 1 0 0 0 0 0 1 0 0 0 0 0 0 0 0 0 1 0 0 0 1 0 0 0 0 0 0 0 0 0 0
3 252 1 1 1 1 1 1 1 1 1 1 1 1 1 1 1 1 1 1 1 1 1 1 1 1 0 1 1 1 1 0 1 0 1 1 1 1 1 1 1 0 1 0 1 1 0 1 0 1 1 1
3 253 0 1 1 1 1 1 1 1 1 1 1 0 1 0 0 0 1 1 1 1 1 1 0 1 0 1 1 1 1 0 1 1 1 0 1 0 1 0 1 1 1 1 1 0 1 1 0 0 1 0
3 254 0 0 1 1 1 1 1 1 1 1 0 0 0 1 0 1 1 0 0 0 1 0 0 1 0 0 1 0 0 1 1 0 0 1 1 0 1 0 0 0 0 0 0 1 0 1 0 1 1 0
3 255 0 1 0 1 1 1 1 1 1 1 0 1 1 1 1 0 1 0 1 1 0 1 1 1 0 0 1 1 1 0 0 0 1 0 1 1 1 1 0 1 0 0 1 1 1 1 0 1 1 1
3 256 0 0 0 0 0 1 0 0 0 0 0 0 0 0 0 0 1 0 0 0 0 0 0 1 1 0 0 1 0 0 0 0 1 0 0 0 0 0 0 0 0 0 0 0 0 0 0 0 0 1
3 257 1 0 1 0 0 0 0 0 1 0 0 0 0 0 0 0 1 0 0 0 1 1 0 0 0 0 1 1 0 0 0 1 0 0 0 1 0 1 0 0 1 0 0 0 0 0 0 0 1 0
3 258 0 1 1 0 1 0 0 0 1 0 0 0 0 0 0 0 0 0 0 1 0 1 1 0 0 0 0 0 0 1 0 0 0 0 0 1 0 0 0 0 0 1 0 1 0 0 0 0 1 0
3 259 0 0 0 0 0 0 0 0 0 0 0 0 0 0 0 0 1 1 0 0 1 0 1 1 1 1 1 0 0 0 0 0 1 0 0 0 1 0 0 0 0 0 0 0 0 0 0 0 1 0
3 260 0 1 1 1 1 1 1 1 1 1 1 1 1 0 0 1 1 1 0 1 0 0 1 1 1 1 1 1 1 0 1 1 1 1 0 1 0 0 1 1 1 0 1 1 1 0 0 1 1 1
3 261 0 0 0 1 0 0 0 0 0 1 0 1 0 0 0 0 1 0 1 0 0 1 0 0 0 0 0 0 0 0 1 1 1 0 0 1 0 0 1 0 1 0 1 1 0 1 1 1 0 0
3 262 1 1 0 0 0 0 0 0 1 0 0 1 0 0 0 0 1 0 0 0 0 0 0 0 0 0 1 0 0 1 1 0 0 1 0 0 0 0 1 0 0 1 0 0 1 1 1 1 0 0
3 263 1 1 1 0 0 1 1 1 1 1 1 1 1 1 1 1 1 0 1 1 1 1 1 0 0 1 1 1 0 1 1 1 0 1 1 1 1 1 1 1 1 1 1 1 1 1 1 1 0 1
3 264 0 0 0 0 0 0 0 0 0 0 0 0 0 0 0 0 0 0 0 1 0 0 0 0 0 0 0 1 1 1 0 1 1 0 0 1 0 0 0 0 0 1 0 0 0 1 0 0 0 0
3 265 1 1 1 1 1 1 0 1 0 1 1 1 1 1 1 0 0 1 0 0 1 1 0 0 0 1 1 1 1 1 1 1 1 1 0 0 1 1 1 1 1 1 0 0 0 0 1 1 1 1
3 266 0 0 0 0 1 0 1 0 1 0 0 0 0 0 0 0 0 0 0 1 0 0 1 0 0 0 0 0 0 0 1 0 1 1 0 0 0 0 1 1 0 0 0 0 0 1 0 1 1 1
3 267 0 0 0 0 0 1 0 0 0 0 1 0 1 0 0 0 0 0 0 0 1 0 0 0 1 0 0 0 0 0 0 0 0 0 0 1 0 0 0 1 0 0 1 0 1 0 0 0 0 0
3 268 1 0 0 0 0 0 0 0 0 1 0 1 0 1 1 0 1 0 1 0 1 0 0 1 0 0 0 0 0 0 1 0 0 0 0 1 0 1 1 0 0 0 1 0 0 0 1 1 0 0
3 269 0 1 1 1 1 0 0 1 1 0 0 1 0 1 1 0 0 1 0 0 1 1 0 1 1 0 1 1 1 0 1 1 1 0 1 0 1 1 0 0 1 0 1 0 1 1 1 0 1 0
3 270 1 0 0 0 0 0 0 0 0 0 0 1 0 0 0 0 1 0 0 0 0 0 0 0 0 0 0 0 1 1 0 1 1 0 0 0 0 0 0 0 1 0 0 0 0 0 0 0 0 0
3 271 0 1 0 0 1 0 0 0 0 0 1 0 1 0 0 0 0 1 0 0 1 1 0 0 1 1 0 0 1 0 0 1 0 0 1 0 0 1 0 0 0 0 0 1 0 0 0 0 0 0
3 272 1 1 1 1 1 0 1 0 0 0 1 1 1 0 1 1 1 1 1 1 0 1 1 0 0 0 0 1 1 1 1 1 1 1 0 0 1 1 1 1 1 0 1 0 1 1 1 1 0 0
3 273 1 1 1 1 1 0 1 0 1 1 1 0 1 1 1 1 1 1 1 1 1 1 1 1 1 1 1 1 1 0 1 1 1 1 0 1 1 1 1 1 1 1 1 1 1 1 1 1 1 1
3 274 0 0 0 0 0 0 0 0 0 1 0 0 0 0 0 0 0 1 0 0 0 0 0 0 0 0 0 0 0 0 0 0 0 0 0 0 0 1 0 0 0 1 0 0 0 0 0 0 0 1
3 275 0 1 0 0 0 0 0 0 0 0 0 0 0 1 0 0 0 1 0 1 1 0 0 1 0 0 0 0 1 0 1 1 0 1 0 0 1 0 0 0 0 0 0 0 0 1 0 0 1 0
3 276 1 0 1 1 1 1 0 0 0 1 1 0 1 0 1 1 1 0 1 0 0 1 0 1 1 1 1 1 0 1 1 0 0 0 1 0 0 1 0 0 1 0 1 1 1 1 1 1 0 1
3 277 0 0 0 1 0 0 0 0 1 0 0 0 0 0 0 0 1 1 0 0 0 0 1 1 0 0 1 0 0 0 0 0 0 1 0 0 0 0 0 0 0 0 0 0 0 1 0 0 0 0
3 278 0 1 0 1 1 1 1 1 1 0 0 1 0 1 0 1 1 1 1 1 1 1 0 1 1 0 1 1 1 1 1 1 0 1 1 0 1 1 1 1 1 1 0 1 1 1 1 1 0 1
3 279 1 0 1 0 0 0 1 0 0 1 0 1 1 1 0 0 0 0 1 0 1 0 0 1 0 0 0 0 1 0 0 0 0 0 1 0 1 0 0 0 0 0 0 0 1 1 0 0 0 0
3 280 1 0 1 1 1 0 1 1 1 1 1 1 0 1 1 1 0 1 1 1 1 1 1 1 1 0 1 1 0 1 1 1 1 0 0 1 0 1 1 0 1 1 1 1 0 0 1 1 1 1
3 281 0 1 0 0 0 1 1 1 0 0 1 0 1 0 0 1 0 1 0 1 0 1 1 0 1 0 0 0 0 1 1 0 0 0 0 1 0 0 0 1 0 1 0 0 0 0 0 1 1 1
3 282 0 0 0 0 0 0 0 0 0 0 1 1 0 0 0 1 1 0 1 0 0 0 0 0 0 1 0 0 0 0 0 1 0 0 0 1 0 1 0 1 1 0 0 0 0 0 0 0 0 1
3 283 0 0 0 0 0 0 1 1 0 0 0 1 1 0 0 1 1 1 1 0 0 0 0 0 0 1 0 0 0 1 0 0 1 0 0 0 0 0 0 0 0 1 0 0 0 1 0 0 0 0
3 284 1 1 1 1 1 1 1 0 1 0 0 1 1 1 1 1 1 1 1 1 1 1 1 1 1 1 0 0 1 0 1 1 1 1 1 1 1 1 1 1 1 1 1 1 1 1 1 1 0 1
3 285 1 1 1 1 0 1 1 1 0 1 1 1 1 1 1 0 1 1 0 1 1 1 0 1 1 1 1 1 1 1 0 0 1 0 1 1 1 1 1 1 1 1 0 1 1 1 0 0 1 1
3 286 0 1 0 0 0 0 0 0 1 0 0 1 0 1 0 0 0 0 0 0 0 0 0 1 0 0 1 1 0 0 0 0 0 0 0 0 0 1 0 0 0 0 1 1 0 0 1 0 0 1
3 287 0 0 0 0 1 0 1 0 0 0 0 0 0 0 0 0 1 0 0 0 0 0 0 1 0 0 0 0 0 0 0 0 0 0 0 0 0 0 0 1 0 0 0 0 0 0 1 0 0 1
3 288 0 1 1 1 1 1 0 1 1 1 1 1 1 0 1 1 1 1 1 1 1 1 1 1 1 0 1 1 1 1 1 0 1 1 1 1 1 1 1 1 0 0 0 1 1 1 1 1 1 1
3 289 1 0 0 1 1 1 1 0 0 1 1 1 0 1 1 1 0 0 0 0 0 1 1 1 1 1 0 1 1 1 1 1 0 1 0 0 1 1 1 1 0 1 1 1 1 1 0 1 1 1
3 290 0 0 1 1 1 0 0 0 0 1 0 0 0 0 1 1 1 1 0 1 0 1 1 1 1 1 1 1 0 0 0 1 1 0 1 0 0 0 1 1 1 0 0 0 0 0 1 1 1 1
3 291 0 1 0 0 1 1 0 1 1 0 1 0 0 1 0 1 1 1 1 0 0 1 1 0 1 1 0 1 1 0 0 1 0 1 1 1 0 1 1 1 1 1 1 1 0 1 0 1 1 0
3 292 1 0 1 0 0 1 1 1 0 1 1 1 1 0 1 1 1 0 1 1 1 1 1 1 1 0 0 1 0 0 0 0 0 1 0 0 1 1 0 0 1 0 1 1 0 1 0 1 0 0
3 293 0 1 1 0 1 1 1 0 0 0 1 1 0 0 1 0 1 0 1 1 1 0 0 1 0 1 0 0 0 0 0 0 0 0 0 0 1 1 0 1 1 0 0 0 1 0 0 1 1 1
3 294 1 0 1 1 0 0 1 1 1 1 0 1 0 1 0 1 1 0 1 1 0 1 1 1 0 1 0 0 0 0 1 0 1 1 0 1 1 0 1 0 1 0 1 1 0 1 1 1 1 0
3 295 1 1 0 0 0 1 0 1 1 0 1 0 0 1 1 1 0 0 0 0 0 0 0 0 1 1 1 0 1 0 1 1 0 0 0 0 0 0 1 0 0 0 0 0 0 0 0 0 0 1
3 296 0 0 0 0 0 0 0 0 1 0 1 1 0 0 1 0 0 0 0 0 1 0 0 0 0 0 0 0 0 0 1 1 0 0 0 1 0 1 1 0 0 0 0 0 0 0 0 0 0 0
3 297 1 1 0 1 1 1 1 1 1 1 1 1 1 0 1 1 1 1 1 1 1 0 1 1 0 1 1 1 1 1 1 1 1 1 1 1 1 1 1 0 1 1 1 0 1 1 1 1 1 0
3 298 1 1 1 0 0 1 1 1 1 1 1 0 1 1 1 1 1 0 1 1 1 1 0 1 0 1 1 1 1 0 1 0 1 1 0 1 1 1 1 1 1 1 0 0 1 1 1 1 1 0
3 299 0 1 1 1 0 1 0 0 1 1 1 1 0 1 1 1 1 0 0 1 1 1 1 1 1 1 1 1 0 1 1 1 1 1 1 0 0 1 1 1 1 0 0 1 1 1 0 1 1 0
3 300 0 0 0 0 1 0 1 1 1 0 1 0 1 1 1 1 1 0 0 0 1 1 1 1 0 0 1 1 1 1 1 1 1 1 0 1 1 1 1 1 1 1 1 0 1 0 0 0 1 1
4 301 1 1 1 0 0 0 0 1 1 0 1 0 0 1 0 0 0 1 1 1 0 1 1 0 0 1 0 0 0 1 0 0 0 0 0 1 1 1 0 0 0 1 0 0 0 1 1 1 0 0
4 302 1 1 1 1 1 1 0 1 1 1 1 1 1 1 0 1 1 1 1 0 1 0 1 0 1 1 1 1 1 1 1 0 1 1 0 1 1 1 1 0 1 1 1 1 1 1 1 0 1 1
4 303 1 0 0 0 1 1 1 1 1 1 1 1 0 0 0 0 0 1 0 1 0 0 1 0 1 1 1 0 1 1 1 1 0 1 1 1 1 1 0 1 0 1 1 1 1 1 0 1 0 0
4 304 1 0 0 0 1 0 1 1 1 0 1 1 1 1 1 0 1 0 1 1 1 0 1 0 1 1 1 1 0 1 0 0 0 0 0 0 0 1 1 0 0 0 0 1 0 0 1 1 1 1
4 305 1 0 0 0 0 0 1 0 1 1 0 0 1 0 1 0 0 0 0 0 1 1 0 0 1 1 1 1 0 0 0 1 0 1 1 0 0 0 0 1 0 0 0 0 0 0 1 1 0 0
4 306 0 1 1 1 1 1 1 0 1 1 1 1 1 1 1 1 0 0 1 1 1 1 0 0 1 1 1 1 1 1 1 1 1 1 1 1 1 1 0 1 0 1 1 1 0 1 1 1 0 1
4 307 0 1 0 0 1 0 0 0 0 0 0 1 0 1 0 0 0 1 0 0 0 1 0 1 0 0 0 0 0 0 1 0 0 0 0 0 0 1 0 0 1 0 1 1 0 0 0 1 0 1
4 308 1 1 0 1 0 0 0 0 0 1 1 0 1 1 0 0 1 1 0 0 0 0 1 1 0 1 1 1 0 0 0 1 0 1 1 0 0 0 0 1 0 0 1 0 1 0 0 1 0 0
4 309 0 0 0 0 0 0 0 0 1 0 1 0 0 0 0 0 0 0 0 0 0 1 0 1 0 0 0 0 0 0 0 0 1 0 0 0 1 0 0 0 0 0 0 0 1 0 0 1 0 0
4 310 1 1 1 0 0 1 1 1 1 0 0 1 0 1 1 0 1 1 0 0 0 1 0 1 0 1 0 1 0 0 1 0 1 0 1 0 1 0 1 1 1 1 0 0 0 0 1 0 0 1
4 311 1 1 1 1 1 1 1 0 1 0 1 0 0 1 1 0 0 1 0 0 1 1 1 1 1 1 1 1 0 0 1 1 1 1 1 1 1 0 1 1 0 0 1 0 0 0 1 0 1 1
4 312 1 1 1 1 0 1 1 0 0 1 1 1 0 0 1 1 1 1 1 1 1 1 0 1 1 1 0 1 1 1 0 0 1 1 1 0 1 1 1 1 1 1 1 0 0 1 0 1 0 1
4 313 1 0 1 1 0 1 0 0 0 0 0 1 1 0 0 0 1 0 0 1 1 0 1 0 0 1 1 0 0 0 0 0 0 0 0 0 0 0 0 0 0 0 0 0 0 0 0 0 0 0
4 314 0 1 1 1 1 1 1 0 1 1 0 1 1 1 1 1 1 1 1 1 1 1 1 0 1 1 1 1 1 1 1 1 1 1 1 1 1 1 0 1 1 1 1 1 1 0 1 1 1 1
4 315 1 0 0 1 1 1 0 0 1 1 1 1 0 0 0 0 1 0 0 0 1 0 1 0 1 0 0 0 0 0 1 0 0 0 1 0 0 0 1 1 0 1 0 0 0 0 0 1 0 0
4 316 1 1 1 1 1 1 1 1 1 1 1 1 1 0 0 1 1 1 1 1 1 1 1 1 1 1 1 1 1 1 1 0 0 1 1 0 0 0 1 1 1 1 1 1 1 1 1 1 1 1
4 317 0 0 1 0 0 0 0 0 0 0 0 0 0 0 0 0 0 0 0 1 0 0 0 0 0 0 0 0 0 0 0 0 0 0 0 1 0 0 0 0 0 0 0 0 0 0 1 0 1 0
4 318 1 1 1 0 1 0 0 1 0 0 1 0 0 0 0 0 1 1 0 0 0 0 0 0 1 0 1 0 0 0 1 0 1 1 0 1 1 0 1 1 1 0 0 1 0 1 1 1 0 1
4 319 0 0 0 1 0 0 0 0 0 0 0 0 0 0 0 0 0 1 0 1 0 0 0 0 0 0 0 1 0 0 0 0 0 0 0 1 0 0 0 0 0 0 0 0 0 0 0 0 1 0
4 320 1 1 1 1 0 1 0 1 1 0 0 0 1 1 1 0 0 1 1 0 1 1 0 1 1 1 0 1 1 1 0 1 1 1 0 0 1 0 0 1 1 0 0 0 0 1 0 0 1 0
4 321 1 1 1 1 1 1 1 1 1 1 1 1 1 1 1 1 0 1 1 0 1 1 1 1 0 1 1 1 1 1 1 1 1 1 1 1 1 0 1 1 1 1 1 1 0 1 1 1 1 1
4 322 0 1 0 1 0 1 0 0 0 0 0 0 1 0 1 0 1 0 1 0 1 1 1 0 0 1 0 0 0 0 1 0 0 0 1 0 1 0 0 0 1 0 0 0 1 0 0 0 1 0
4 323 0 0 0 0 1 0 0 0 1 1 0 1 0 0 0 1 1 0 1 0 1 0 0 0 0 0 0 0 0 0 0 0 0 0 0 1 0 0 0 1 1 1 0 1 1 0 0 0 0 1
4 324 1 1 1 1 1 1 0 1 1 0 0 1 0 1 1 1 1 1 1 1 1 1 1 0 1 1 1 0 1 0 1 0 1 1 1 1 1 0 1 0 0 0 1 1 1 1 1 0 1 0
4 325 0 0 1 0 0 0 1 0 0 1 1 1 0 0 1 0 0 1 0 1 1 0 0 0 0 0 0 1 0 1 1 0 0 1 1 0 1 1 0 0 0 0 0 0 1 0 1 0 1 1
4 326 1 0 1 0 1 1 1 0 1 1 1 0 1 1 1 1 1 1 0 0 1 1 1 1 1 0 1 0 1 0 1 1 0 1 1 1 1 1 0 1 1 0 0 0 0 1 0 0 1 0
4 327 0 0 1 1 0 1 0 0 0 1 0 0 1 0 1 0 0 0 0 0 0 1 1 1 0 0 1 1 1 0 0 0 1 0 0 0 0 0 0 1 1 0 0 0 1 0 0 0 0 0
4 328 0 1 1 0 0 0 1 0 0 0 1 0 0 1 1 0 1 0 0 1 0 1 0 0 1 1 0 0 0 0 0 1 0 1 0 1 0 1 0 0 0 0 0 0 0 0 0 1 1 0
4 329 1 0 0 1 1 1 1 0 1 0 0 1 1 1 1 0 1 1 1 0 1 1 1 1 1 1 1 1 1 1 1 1 1 0 1 1 1 1 1 1 1 0 1 1 1 1 1 1 1 1
4 330 1 0 0 0 0 0 0 0 0 1 1 0 0 0 0 0 0 0 0 0 0 0 1 0 0 0 1 0 1 0 1 1 0 1 0 0 1 0 0 0 0 0 0 0 0 0 0 1 1 0
4 331 0 1 1 1 1 1 1 1 1 0 0 1 1 0 0 1 0 1 1 0 1 0 0 1 1 0 1 1 0 1 0 1 1 0 0 1 0 1 1 1 1 1 1 0 1 1 1 0 1 1
4 332 1 1 1 1 0 1 1 1 1 1 1 0 0 0 1 1 1 1 0 1 1 0 0 1 1 1 1 1 1 1 1 1 1 1 1 0 1 0 0 1 1 1 0 1 0 1 1 1 1 0
4 333 1 1 1 1 0 1 0 1 1 0 1 1 1 1 0 1 0 0 1 0 1 0 0 1 0 1 1 1 0 1 0 1 1 0 0 1 1 1 1 1 1 0 1 1 0 1 0 0 1 1
4 334 1 0 0 1 1 0 1 1 1 0 0 0 1 1 0 0 0 0 0 0 0 0 0 1 0 0 0 1 1 0 0 1 0 0 1 1 0 0 0 0 0 0 1 1 0 0 1 1 0 1
4 335 1 0 1 1 1 1 0 0 0 1 1 1 0 1 1 1 1 1 0 1 1 1 1 0 1 1 1 1 1 0 0 1 1 0 0 1 1 1 1 1 1 1 1 1 0 1 1 1 1 1
4 336 0 0 0 1 0 0 0 0 0 0 0 0 1 0 1 0 0 0 0 0 0 0 1 1 0 0 0 0 0 0 0 0 0 0 0 0 0 0 0 0 0 0 1 0 1 0 1 0 0 0
4 337 0 1 0 1 0 1 0 0 0 0 1 0 0 0 0 0 0 1 0 0 0 0 0 0 0 0 0 0 1 1 0 0 0 0 0 1 0 1 0 0 0 0 0 0 0 0 0 0 0 0
4 338 1 0 1 1 0 0 0 1 0 1 0 0 0 0 1 0 1 0 0 0 0 0 1 0 0 0 0 1 0 1 0 0 0 1 1 0 0 1 0 0 0 1 1 0 1 0 1 0 0 0
4 339 1 0 0 0 0 0 0 0 0 0 0 0 0 1 0 0 1 0 1 0 0 0 1 0 0 0 0 1 1 1 0 1 0 0 0 0 0 0 1 0 0 1 1 0 0 1 0 0 0 0
4 340 1 1 1 1 1 1 1 1 1 1 1 1 1 0 1 1 1 1 0 1 1 1 1 1 1 1 0 0 1 1 0 1 1 1 1 1 1 0 1 1 1 1 1 1 0 1 1 1 1 1
4 341 1 0 0 0 0 0 0 0 0 0 0 0 0 0 1 0 0 0 0 1 1 0 0 0 0 0 1 1 0 0 0 0 0 0 0 0 1 1 0 0 1 1 0 0 0 1 0 0 1 1
4 342 0 0 0 1 0 0 1 0 1 0 0 0 0 0 1 0 0 0 0 0 1 0 0 0 0 0 0 0 0 0 1 0 0 0 1 1 0 1 0 0 0 0 1 0 0 0 1 0 1 0
4 343 1 1 1 0 1 1 1 1 1 1 1 1 0 1 1 1 1 1 0 1 1 1 1 0 1 0 1 1 0 0 1 1 1 1 0 1 1 1 0 1 1 1 1 0 1 0 1 1 0 1
4 344 0 0 0 1 1 1 0 0 0 0 0 0 1 0 1 0 0 1 0 1 0 0 0 0 1 0 0 1 1 0 0 0 1 0 0 0 0 0 0 0 1 1 1 0 0 0 0 0 0 0
4 345 0 0 0 0 0 0 1 1 0 0 0 0 0 0 1 1 0 0 1 1 0 0 0 0 0 1 0 1 1 1 0 0 0 0 0 0 0 1 0 0 0 0 0 0 0 1 0 0 0 1
4 346 0 0 0 0 0 0 0 0 0 1 0 1 0 1 0 1 0 0 0 1 0 0 0 1 1 1 1 0 0 1 1 0 0 0 0 0 1 0 0 0 1 1 0 1 0 0 1 0 0 1
4 347 1 0 0 1 1 0 1 0 1 1 0 1 1 0 1 1 0 1 1 0 1 1 1 1 1 1 1 1 1 1 1 0 1 1 0 1 1 1 1 0 1 0 0 1 1 0 1 1 0 0
4 348 1 0 1 0 1 0 0 0 1 1 0 1 1 0 1 1 0 1 0 0 0 0 0 0 0 0 1 0 0 0 0 1 0 1 0 0 1 0 0 1 1 1 0 1 1 0 1 0 1 1
4 349 1 1 1 1 0 1 1 1 0 1 1 1 0 1 1 1 0 0 1 1 0 0 1 1 1 1 0 1 1 1 0 1 0 1 1 0 1 1 1 0 1 0 1 0 1 1 1 0 1 1
4 350 1 1 1 1 1 1 1 1 0 1 0 1 1 1 0 1 1 0 1 1 0 1 1 1 1 1 1 1 0 1 1 1 1 1 1 1 1 1 1 1 1 1 1 1 0 1 1 0 1 0
4 351 0 0 1 0 0 1 1 1 1 0 0 1 1 1 0 0 0 1 1 0 0 1 1 0 0 0 1 0 1 0 0 1 0 1 1 1 1 1 1 0 1 1 1 1 1 1 1 1 1 1
4 352 0 0 0 1 0 1 0 1 0 1 0 0 0 0 0 0 0 1 0 0 0 0 1 0 1 0 0 0 0 0 0 0 0 0 0 1 0 0 0 1 0 0 1 1 1 0 0 0 0 0
4 353 1 0 1 0 1 1 1 0 0 1 1 1 1 0 0 1 0 1 1 0 0 1 1 0 1 0 1 1 1 0 0 0 1 0 0 1 1 1 1 1 1 0 1 1 0 0 1 0 0 1
4 354 0 0 0 0 0 0 1 0 1 0 0 0 0 0 0 1 0 0 1 0 0 0 0 0 0 0 1 0 0 0 1 1 0 0 1 0 0 1 0 1 0 0 0 1 1 1 0 1 1 0
4 355 0 0 1 0 1 0 0 0 1 1 1 0 1 1 1 1 1 1 0 1 1 1 0 1 0 1 1 1 1 0 0 0 1 1 0 1 1 1 1 1 1 0 1 1 1 1 0 1 1 1
4 356 0 0 0 1 0 0 0 0 0 0 0 0 0 0 1 1 0 0 1 0 1 0 0 0 0 0 0 0 0 0 0 0 0 1 0 0 0 1 0 0 0 0 0 0 0 0 0 0 0 1
4 357 0 0 0 0 0 0 0 1 1 0 0 0 0 1 0 0 1 0 0 0 0 0 0 0 0 0 0 0 0 1 0 0 0 0 0 0 0 0 0 0 0 1 0 0 0 0 1 0 0 0
4 358 0 0 0 0 0 1 1 1 0 0 0 0 0 0 0 0 0 0 0 0 1 0 0 0 0 0 0 1 0 0 0 1 0 0 1 1 0 0 0 0 0 0 1 1 0 0 0 0 0 0
4 359 1 1 1 0 1 1 1 1 1 0 1 0 0 1 1 1 1 1 0 1 1 0 1 1 1 0 0 1 1 1 1 0 1 1 1 0 0 1 1 1 1 0 1 0 1 1 1 1 1 1
4 360 0 0 1 0 1 0 1 1 1 0 0 1 0 0 0 0 0 1 0 0 0 0 0 0 0 0 1 1 0 1 1 0 0 0 1 1 0 0 1 1 1 0 0 0 1 0 0 0 0 1
4 361 0 0 1 0 0 0 0 0 0 0 0 1 0 0 0 0 1 0 0 0 0 0 0 0 0 0 0 0 0 0 0 0 1 0 0 0 1 0 0 0 1 0 0 1 1 0 0 0 0 0
4 362 0 0 0 0 1 0 0 0 0 0 0 0 0 0 0 0 0 0 0 0 0 0 0 0 0 0 0 1 0 0 0 0 0 0 1 1 1 0 0 0 0 0 0 0 1 1 0 0 0 0
4 363 0 1 0 0 0 0 0 0 1 0 0 1 0 0 0 0 0 0 0 0 0 0 0 1 0 1 0 1 0 0 1 0 1 0 0 0 0 0 0 0 1 0 0 1 0 1 0 0 1 1
4 364 0 0 0 0 0 0 0 1 1 0 1 0 0 1 1 1 0 0 1 0 0 0 1 0 1 0 0 1 0 1 0 0 0 0 0 0 0 0 0 0 1 1 0 0 1 1 1 1 0 0
4 365 0 0 1 0 1 0 0 0 0 1 1 0 0 0 0 0 0 1 0 1 1 1 1 1 0 1 0 0 0 0 0 1 1 0 1 0 0 1 1 1 0 0 1 0 1 0 0 1 1 1
4 366 1 1 1 0 0 1 1 1 1 1 1 1 1 0 1 1 0 1 0 1 1 1 1 0 1 1 1 1 1 1 1 1 0 1 1 1 1 1 1 1 1 1 1 1 1 1 1 1 1 1
4 367 0 0 1 0 0 0 0 1 0 0 0 0 1 1 1 0 0 1 0 0 0 0 1 0 0 0 0 0 0 0 0 0 0 0 1 1 0 0 0 0 0 0 0 1 0 0 1 1 0 0
4 368 0 0 0 1 0 0 0 0 0 1 0 0 0 1 0 0 0 0 0 1 0 0 0 0 1 0 1 0 0 0 0 0 0 0 0 0 1 0 1 0 0 1 0 0 0 0 0 0 0 0
4 369 0 1 1 0 1 1 1 0 1 0 1 1 1 1 1 1 0 0 1 1 0 0 0 1 1 1 1 1 1 1 1 1 1 1 1 1 1 0 1 1 1 0 1 0 1 1 1 0 1 1
4 370 0 1 1 0 1 1 1 1 1 1 1 1 0 1 1 1 0 0 1 1 0 0 0 1 0 0 0 0 1 1 1 0 0 0 1 1 1 1 0 1 0 1 1 1 0 0 1 1 1 1
4 371 0 0 0 1 1 1 0 0 1 0 1 0 0 1 0 1 0 1 0 1 0 1 0 0 0 0 1 1 1 1 1 0 1 0 0 0 1 1 0 1 1 1 1 1 0 0 1 1 1 0
4 372 0 0 0 1 0 1 0 0 0 0 0 0 0 0 0 0 0 0 0 1 0 0 0 0 1 0 1 0 0 0 1 1 1 0 0 1 1 1 0 0 0 1 1 1 0 1 0 0 0 0
4 373 0 1 1 0 1 1 1 0 0 0 1 0 0 0 1 1 0 0 1 1 0 1 0 0 0 1 0 1 0 0 1 0 0 1 0 1 0 0 0 0 0 0 1 0 0 1 0 0 0 0
4 374 1 1 1 1 1 1 1 1 1 1 1 1 1 1 1 1 1 1 0 1 1 1 1 1 0 1 1 1 1 1 1 1 0 1 1 0 0 1 1 1 1 1 1 1 1 1 1 0 1 1
4 375 1 1 1 1 0 0 0 1 1 1 1 0 0 0 0 1 0 0 0 1 1 0 1 1 0 1 1 1 1 0 0 0 0 0 0 1 0 1 1 1 1 1 1 0 1 1 1 0 0 1
4 376 0 0 1 0 0 0 1 0 0 0 1 1 0 1 0 0 0 0 0 0 0 0 0 0 1 0 1 0 1 0 0 0 1 0 0 0 0 1 1 0 0 0 1 1 0 1 0 0 0 0
4 377 0 0 0 0 0 0 1 0 1 0 0 0 1 0 0 0 0 0 0 0 0 0 1 1 0 0 1 1 1 0 0 0 0 0 0 1 0 1 1 0 1 1 1 0 1 0 0 0 0 0
4 378 0 0 0 0 1 0 0 0 0 1 0 0 0 0 0 1 0 0 0 0 0 0 0 0 1 0 1 0 1 0 0 0 0 1 0 1 0 1 0 0 0 0 0 0 0 0 0 1 0 1
4 379 0 0 1 0 0 1 0 1 0 0 1 0 1 1 0 1 0 0 1 1 1 0 0 0 0 1 1 1 0 0 0 1 0 0 1 1 1 1 1 1 0 0 1 0 1 1 1 0 1 0
4 380 0 1 1 1 1 1 1 1 1 1 1 1 1 1 1 1 1 1 1 0 1 1 0 1 0 1 0 1 1 1 0 1 1 1 0 1 1 1 1 1 1 1 1 1 1 1 0 1 1 1
4 381 0 1 0 0 0 0 0 0 0 0 1 0 1 1 0 0 1 0 1 1 0 0 0 0 0 0 0 1 0 1 1 0 0 0 0 1 0 0 0 1 1 1 0 0 1 1 0 0 0 0
4 382 0 0 0 1 0 0 1 1 0 0 0 0 0 0 0 0 1 0 0 0 1 0 0 0 0 1 0 0 1 0 1 0 0 0 1 0 1 1 0 0 1 0 0 0 0 0 1 0 0 1
4 383 1 1 0 0 0 0 1 1 0 1 0 1 0 1 0 0 0 0 0 1 0 1 0 0 0 0 0 0 1 1 0 0 1 1 0 1 0 0 0 1 1 1 0 0 1 0 0 0 1 1
4 384 1 1 1 1 0 1 0 1 0 0 0 1 0 0 1 0 0 1 0 1 0 0 0 0 0 1 0 0 0 1 1 1 1 0 0 0 0 0 0 1 1 1 1 1 0 0 1 0 0 0
4 385 1 1 0 0 1 1 1 0 1 0 1 1 0 1 1 1 1 1 0 0 1 1 1 0 1 0 0 0 1 0 1 1 0 1 0 1 0 0 0 0 0 1 0 0 0 1 0 1 1 0
4 386 0 1 1 0 0 1 0 1 1 1 1 0 0 1 0 1 1 1 1 1 1 1 1 1 0 0 0 1 1 0 0 1 1 0 1 1 1 0 1 1 1 1 1 1 0 1 1 1 1 1
4 387 1 0 0 0 0 0 0 0 1 1 1 1 0 0 1 0 0 1 1 1 0 1 0 1 0 1 0 1 1 0 0 1 0 0 0 0 1 1 0 1 1 1 1 1 1 1 0 1 1 1
4 388 1 0 1 0 1 1 0 0 0 1 0 0 0 1 0 1 0 0 0 0 1 1 1 0 1 1 1 0 0 0 1 0 1 1 1 1 0 0 0 0 0 0 1 0 0 0 1 1 1 0
4 389 0 0 0 0 0 0 0 0 0 0 0 0 0 0 0 0 0 0 0 0 0 0 0 0 0 0 0 0 0 1 0 1 1 0 0 0 0 0 0 0 1 0 0 0 0 0 0 0 0 1
4 390 0 0 0 1 0 0 0 1 0 0 0 0 0 0 0 0 0 0 0 0 0 0 0 0 0 0 0 1 1 0 1 0 0 0 0 0 0 0 0 0 0 0 0 1 0 1 0 0 0 0
4 391 0 1 0 1 1 0 1 0 1 0 1 0 1 0 0 0 0 0 1 1 1 0 0 0 1 0 0 1 1 1 1 1 1 1 0 1 1 1 0 0 1 0 1 0 0 1 0 0 1 1
4 392 1 0 1 1 1 1 1 0 0 0 0 0 1 1 1 0 0 0 1 0 1 1 1 1 0 1 1 1 0 0 0 0 1 1 0 0 0 0 0 0 0 0 0 0 0 0 0 0 1 0
4 393 0 1 1 1 1 0 0 0 1 0 0 1 1 0 1 1 1 0 1 1 1 1 0 0 0 0 1 0 1 1 1 0 1 1 0 0 0 0 0 1 1 0 0 0 0 0 0 1 1 1
4 394 1 0 1 1 1 1 1 1 1 1 1 0 1 0 1 0 1 1 1 1 1 0 0 0 1 1 1 0 1 0 1 1 1 0 1 1 1 1 1 1 0 1 1 1 0 1 1 1 1 1
4 395 0 0 0 0 1 0 0 0 0 0 0 1 0 0 1 0 1 0 0 0 1 0 0 0 0 0 0 0 0 0 0 0 0 0 0 0 1 1 0 0 0 0 0 0 0 0 0 0 0 0
4 396 1 1 1 1 0 1 0 0 1 1 1 1 0 1 1 1 0 1 1 0 1 1 0 1 1 0 1 0 1 1 1 1 1 0 1 0 1 1 1 1 1 1 0 1 1 1 1 1 1 1
4 397 0 1 0 0 0 0 0 0 0 0 0 0 0 0 0 0 1 0 1 0 0 1 0 1 1 0 0 0 0 0 0 0 0 0 0 0 0 1 0 0 0 0 0 0 0 0 0 0 0 0
4 398 0 0 0 0 1 0 1 0 0 1 0 0 1 1 0 0 0 0 1 1 1 0 0 0 1 1 1 0 1 1 0 1 1 1 0 1 1 1 1 1 0 1 1 0 0 1 1 1 1 1
4 399 1 1 0 0 0 1 1 1 0 1 0 1 0 0 0 1 0 0 0 0 0 1 0 1 0 0 0 0 0 0 0 0 0 0 0 0 1 1 0 1 1 1 0 1 0 1 0 0 0 1
4 400 0 1 0 0 0 0 0 0 0 1 1 1 1 0 0 0 1 0 0 0 1 1 1 0 1 0 1 1 0 0 0 0 0 0 0 0 0 0 1 0 1 0 0 0 0 0 1 1 0 0
5 401 0 1 1 0 1 0 1 1 1 1 0 0 1 1 1 0 1 1 1 1 1 0 1 1 1 1 1 1 1 1 1 0 1 0 1 1 1 1 1 1 0 1 1 1 1 1 1 1 1 1
5 402 0 0 1 0 0 1 0 0 0 1 0 0 1 0 1 1 0 1 1 1 0 0 0 0 0 0 0 1 0 1 0 1 0 0 1 0 0 0 0 0 0 0 0 0 1 0 0 0 0 0
5 403 1 1 1 0 1 1 1 1 1 1 1 0 1 0 1 0 1 1 0 1 1 1 0 0 0 1 1 0 1 1 1 1 1 0 1 1 1 0 1 1 0 0 1 1 1 1 0 1 1 1
5 404 0 0 0 1 1 1 0 1 0 0 1 1 1 1 0 1 0 1 0 0 1 0 1 0 1 1 1 1 1 0 1 0 1 1 1 1 1 1 0 0 0 0 1 0 0 1 1 1 1 0
5 405 0 1 1 0 1 1 0 0 0 1 1 0 0 1 0 0 1 0 0 0 1 0 0 0 0 1 1 1 1 0 0 1 0 1 0 1 0 1 1 0 0 1 0 1 0 1 0 1 0 1
5 406 0 0 1 1 1 1 0 0 1 1 1 1 0 1 0 1 0 1 1 1 1 1 0 1 1 1 1 1 1 1 1 0 0 1 0 1 0 0 1 1 1 1 1 0 1 1 1 1 0 1
5 407 1 0 1 0 0 0 0 0 0 0 0 0 0 0 0 0 0 1 0 0 0 0 1 0 0 0 0 1 1 1 0 0 0 0 1 1 0 1 0 1 0 0 0 0 1 0 0 0 0 0
5 408 0 0 0 1 0 0 1 1 1 1 1 0 0 0 0 0 0 0 1 0 1 1 0 1 1 1 1 0 0 0 0 1 0 1 1 1 0 0 0 0 0 0 0 1 0 0 0 0 1 1
5 409 1 1 0 1 0 0 0 0 0 1 0 1 0 0 1 0 0 1 1 0 1 0 0 1 0 0 1 1 0 0 1 0 1 0 0 1 1 0 1 0 0 1 0 1 1 1 1 0 1 1
5 410 0 0 1 0 0 0 0 0 0 0 0 0 1 0 0 1 0 1 1 1 1 1 1 0 0 0 1 1 1 1 0 1 1 1 0 0 1 1 0 1 0 1 1 0 1 0 0 1 0 0
5 411 0 1 0 0 0 1 1 1 0 0 0 1 1 0 1 0 1 0 0 0 0 0 1 0 0 0 0 0 0 0 0 0 0 1 0 0 0 0 0 1 0 0 1 0 1 0 0 0 0 0
5 412 1 1 1 1 1 0 1 1 1 1 1 1 1 0 1 1 1 1 1 1 1 1 1 1 1 1 1 1 0 1 1 1 1 1 1 1 1 1 0 1 1 1 1 1 1 1 0 1 1 1
5 413 1 1 0 1 0 0 0 0 1 0 1 0 0 0 1 1 0 0 1 1 1 1 0 1 0 0 0 0 1 0 1 0 0 1 1 1 0 1 1 1 0 1 1 1 1 1 0 0 0 1
5 414 1 1 1 0 1 1 1 1 1 1 1 1 0 1 1 1 1 1 1 1 1 1 0 1 1 1 0 1 1 0 1 1 1 1 0 1 0 1 0 1 1 1 1 1 0 0 1 0 0 1
5 415 1 1 1 1 1 1 1 1 0 1 1 1 0 0 0 1 1 1 0 1 1 0 1 1 1 1 1 1 1 0 0 0 1 1 1 1 1 1 0 0 1 0 1 1 1 1 0 1 1 1
5 416 1 1 0 0 0 0 0 0 0 0 0 0 1 0 0 1 0 0 0 1 1 0 0 0 0 1 0 0 0 1 0 0 1 0 0 0 1 0 0 0 0 0 0 1 1 0 0 0 0 0
5 417 1 1 0 1 1 1 1 1 0 1 1 0 1 1 0 1 1 1 1 1 0 0 1 0 1 1 1 1 0 1 1 0 1 1 1 0 1 1 0 1 1 0 1 1 0 1 1 1 1 1
5 418 1 1 1 1 0 1 0 0 0 0 1 0 0 0 0 0 0 0 0 0 1 1 1 0 1 0 0 1 0 0 1 0 0 0 1 1 0 1 1 1 0 1 0 1 1 1 1 0 0 0
5 419 1 1 1 1 1 1 0 1 0 1 1 1 1 1 1 1 1 1 1 1 1 1 1 0 1 1 1 1 1 1 0 1 1 0 0 1 1 1 1 1 1 1 1 1 1 0 1 1 0 0
5 420 0 0 0 1 0 0 1 0 1 1 1 1 0 0 0 0 0 0 1 0 0 0 1 1 0 1 0 1 0 1 0 0 0 0 0 1 1 1 0 0 0 0 0 0 0 0 1 1 0 1
5 421 1 0 0 0 1 0 0 1 0 1 0 0 0 1 0 0 1 1 0 1 1 0 0 1 0 0 0 0 1 0 0 1 0 1 1 0 1 0 0 1 0 0 1 1 0 0 0 0 0 1
5 422 0 0 0 1 0 0 0 0 0 0 0 0 0 0 1 0 0 0 1 0 0 0 0 0 1 0 0 0 0 0 0 0 0 0 1 0 0 0 0 0 0 0 0 0 0 0 0 0 0 0
5 423 0 1 1 1 1 1 1 0 1 1 1 1 1 1 1 1 1 1 1 1 1 1 1 1 1 1 0 1 1 1 0 1 0 0 1 1 1 1 1 1 1 1 1 0 1 1 1 0 1 1
5 424 0 1 0 1 0 0 0 1 0 1 0 1 1 0 1 1 0 1 1 1 1 1 0 0 0 1 0 1 1 0 1 0 1 1 0 1 0 0 1 0 0 1 0 1 0 1 0 0 0 0
5 425 0 1 0 1 1 1 1 1 0 1 0 0 0 1 1 0 0 0 0 0 1 0 0 1 0 0 1 0 1 0 0 0 1 0 0 1 1 1 0 1 1 0 0 0 1 1 1 1 1 0
5 426 0 1 0 1 1 0 0 1 0 0 1 1 1 0 0 0 0 0 1 0 0 0 0 1 0 0 1 0 0 0 0 0 0 0 0 0 0 0 1 0 0 0 0 0 1 0 0 1 1 1
5 427 1 1 1 1 1 1 1 1 1 1 1 1 1 0 0 0 1 1 1 1 1 1 0 1 0 1 1 1 1 1 1 1 1 1 0 1 1 1 1 1 1 0 0 1 1 0 1 1 1 0
5 428 0 0 0 0 0 0 1 1 1 0 0 0 0 0 1 0 0 0 0 0 0 0 0 0 0 0 0 0 0 0 0 0 0 1 0 0 0 0 0 0 1 0 0 0 0 0 1 0 0 0
5 429 1 0 1 0 0 0 1 1 1 0 0 0 0 0 0 1 1 1 1 0 1 0 1 0 1 1 0 1 1 1 1 0 1 1 1 0 1 1 1 1 0 1 0 1 0 1 1 1 1 1
5 430 1 1 1 1 1 1 1 1 1 1 1 1 1 1 1 0 1 1 1 0 0 1 1 1 1 1 1 1 1 1 0 1 1 0 0 0 1 1 1 1 1 1 1 0 1 1 1 1 1 1
5 431 1 1 1 1 1 0 0 1 1 1 1 1 1 1 1 1 1 1 1 1 0 1 1 1 0 1 1 1 0 1 1 1 0 1 1 1 1 0 0 1 1 1 1 0 0 0 1 1 1 1
5 432 1 1 0 1 0 1 1 0 1 1 0 1 0 1 0 1 1 0 0 0 1 0 0 1 1 0 1 1 0 1 1 1 1 0 1 1 1 1 0 1 1 1 1 1 0 0 1 1 1 0
5 433 0 0 0 0 0 0 0 0 0 0 0 0 0 1 1 0 0 0 0 0 0 0 0 0 1 1 0 0 0 0 0 1 0 0 1 0 0 1 0 0 1 0 1 0 0 0 0 0 0 0
5 434 0 0 0 0 0 1 1 0 0 0 0 1 0 1 1 0 0 1 1 0 1 0 0 0 0 0 0 0 0 1 1 0 0 1 1 0 0 0 1 1 0 0 1 1 0 0 0 1 1 0
5 435 0 0 0 0 0 0 1 0 1 1 1 1 1 0 0 1 1 1 1 1 0 0 0 1 1 1 0 0 0 0 1 1 1 0 1 0 0 1 1 0 0 1 1 1 1 0 0 1 1 0
5 436 0 1 0 0 1 0 1 1 0 1 0 0 1 1 1 1 0 1 0 0 1 1 0 0 0 1 0 0 0 1 0 0 0 0 1 0 1 0 0 0 0 1 1 1 0 0 0 0 0 1
5 437 1 1 1 1 1 1 1 1 1 1 1 0 1 1 1 0 0 1 1 1 0 1 1 1 1 1 0 1 1 1 0 1 1 0 0 1 1 0 1 1 1 0 1 1 0 1 1 1 1 1
5 438 0 0 0 0 1 1 0 0 0 1 0 0 1 0 0 0 0 0 1 0 0 1 0 1 0 1 1 0 0 1 0 1 1 0 0 1 0 0 0 0 0 0 0 0 0 0 1 1 0 1
5 439 0 1 0 0 0 0 0 0 1 0 0 0 0 0 1 1 0 0 0 0 1 0 1 1 0 0 0 0 0 0 0 1 0 1 0 1 1 0 0 0 1 0 0 0 0 0 0 0 0 0
5 440 1 0 1 0 1 0 1 1 1 0 1 0 0 1 0 0 0 1 0 0 0 1 1 1 0 0 1 1 0 0 0 1 0 0 1 0 0 0 1 1 0 1 0 1 1 1 0 0 0 0
5 441 1 1 1 1 1 1 0 1 1 0 0 1 1 1 1 1 1 1 1 1 1 1 0 1 1 0 1 1 1 1 1 1 1 1 1 0 0 0 1 1 1 1 1 1 1 1 0 0 1 1
5 442 1 0 0 1 0 0 0 0 1 0 1 0 0 0 0 1 0 1 0 1 1 0 1 0 1 1 1 1 0 0 1 0 1 1 0 0 1 0 0 1 0 0 1 0 0 0 0 1 0 0
5 443 0 1 0 0 0 0 0 0 0 0 0 0 0 0 1 0 1 1 1 0 0 0 0 1 0 0 0 0 0 0 0 0 1 1 0 0 1 0 0 0 0 0 0 0 0 0 1 0 0 0
5 444 0 0 0 1 0 0 0 1 0 1 0 0 1 0 0 0 0 0 1 0 0 0 0 0 0 0 1 0 0 1 0 0 0 0 0 1 0 0 0 0 0 0 0 0 0 0 1 1 0 0
5 445 1 1 0 1 1 1 1 0 1 1 0 0 0 1 1 1 1 1 1 1 1 1 1 1 1 0 1 1 1 1 0 1 0 1 1 0 1 1 0 0 0 1 1 1 1 1 0 1 0 1
5 446 0 0 0 1 1 0 1 1 0 1 0 0 1 1 0 0 0 0 1 1 1 1 1 0 1 1 1 0 1 1 1 1 0 0 1 0 0 1 1 0 0 1 1 1 0 0 1 0 1 1
5 447 0 1 1 1 1 1 1 1 1 0 0 1 1 1 1 1 1 1 0 1 1 1 1 1 1 1 1 0 1 1 1 1 1 1 1 1 1 1 0 1 1 0 1 1 1 1 1 0 0 1
5 448 1 1 1 0 1 1 1 1 1 0 1 1 1 1 1 1 1 1 0 1 1 1 1 0 1 1 1 1 1 1 1 1 1 1 1 0 1 1 1 0 1 1 0 1 0 1 1 1 1 0
5 449 1 1 1 1 1 1 1 1 1 1 1 0 1 0 1 1 1 1 1 1 1 1 0 1 1 1 1 1 0 1 1 1 1 1 1 0 1 0 1 1 1 1 1 1 0 1 0 1 1 1
5 450 0 0 0 0 0 0 0 0 0 0 0 0 1 0 0 0 0 0 1 0 0 0 1 0 0 0 0 0 1 0 0 0 0 0 0 1 0 0 0 1 0 0 1 0 0 0 1 0 0 0
5 451 1 0 1 0 1 1 1 1 1 0 1 1 0 0 1 0 1 1 1 0 1 1 1 1 0 0 1 0 1 1 1 1 0 0 1 1 1 1 1 1 1 1 1 0 1 1 1 1 1 0
5 452 0 0 0 1 1 1 1 0 1 0 0 0 1 1 1 0 1 1 0 0 1 1 1 1 1 0 0 1 1 0 0 0 1 1 1 0 1 1 0 0 1 0 0 1 1 1 1 0 0 1
5 453 0 0 0 1 1 1 0 0 1 0 1 0 0 1 0 0 1 1 1 1 1 0 1 1 0 0 1 0 0 0 0 1 0 0 0 1 0 1 1 1 0 1 1 1 0 1 1 1 1 0
5 454 0 0 1 0 0 0 0 0 0 0 0 0 0 0 0 0 0 0 0 0 0 0 0 0 0 0 1 0 0 0 1 0 1 0 0 0 1 0 0 0 1 0 0 1 1 0 1 0 0 0
5 455 1 1 1 1 0 1 1 1 1 1 1 0 1 0 1 1 1 1 1 1 1 1 1 1 1 1 0 1 1 1 1 1 1 1 1 1 0 1 1 1 1 1 1 1 1 1 1 0 1 0
5 456 1 0 0 1 0 1 0 0 0 0 0 1 0 1 1 0 0 0 1 0 0 0 1 1 0 0 0 1 1 0 1 0 0 0 1 1 0 1 1 0 0 0 1 1 1 1 0 1 0 0
5 457 1 0 1 1 1 1 1 0 0 0 0 0 0 1 0 0 0 0 1 0 1 0 0 0 0 0 0 1 0 1 0 1 1 1 1 0 1 0 0 0 0 0 0 0 0 0 1 0 1 0
5 458 0 0 0 1 1 0 0 0 0 0 0 0 0 0 0 0 0 1 1 0 0 0 1 0 0 0 0 0 1 0 1 0 0 0 0 0 0 0 1 0 0 0 0 0 1 1 1 0 0 0
5 459 0 0 1 0 0 0 0 0 0 0 0 1 1 0 1 0 0 1 0 0 0 0 1 0 0 1 0 0 0 0 0 1 0 0 1 0 1 0 0 0 0 0 0 1 0 0 0 1 0 0
5 460 0 0 1 0 1 0 0 0 0 1 1 0 1 0 0 0 0 0 0 0 0 1 1 1 1 0 0 1 0 1 0 0 0 1 0 0 0 1 0 0 1 0 1 1 0 0 1 1 0 0
5 461 0 0 0 0 0 0 0 0 0 1 0 1 0 0 0 0 0 0 0 0 0 0 0 0 1 0 1 0 1 1 0 0 0 0 1 0 0 0 0 1 0 0 0 0 0 0 0 1 0 0
5 462 0 1 0 1 0 1 1 1 0 0 1 0 1 1 1 1 1 0 1 0 1 1 1 0 0 0 0 0 0 0 1 1 0 1 0 1 1 0 1 1 1 0 0 0 1 1 0 1 0 1
5 463 1 0 0 1 0 0 0 1 1 0 0 1 0 1 0 1 0 0 1 0 0 0 0 0 1 1 0 1 1 0 0 0 0 1 0 0 1 0 1 0 0 0 0 1 0 0 0 0 0 0
5 464 1 0 1 0 0 0 0 1 1 1 0 0 0 0 0 0 1 0 0 1 1 1 0 0 1 1 0 1 0 1 0 1 1 0 1 1 1 0 1 1 1 1 1 0 1 1 0 1 0 0
5 465 0 1 0 1 1 1 0 1 0 1 0 0 0 0 0 1 1 0 1 1 1 0 0 1 0 0 1 0 0 1 1 1 0 1 1 0 0 0 0 1 1 0 1 0 0 1 1 0 1 1
5 466 1 1 0 1 0 1 1 1 1 1 1 1 0 1 0 1 1 1 1 1 1 0 1 1 1 1 0 0 1 1 1 0 0 0 1 1 0 0 1 0 1 1 1 1 1 0 0 1 1 1
5 467 1 0 0 1 1 1 1 1 1 1 1 1 1 1 0 1 0 1 1 1 1 1 1 0 1 0 1 1 1 1 1 0 0 0 1 1 0 0 1 1 1 1 1 1 0 1 1 1 0 1
5 468 0 0 0 1 0 1 0 0 0 0 0 1 0 0 1 1 1 0 1 0 0 0 0 0 0 0 1 1 0 1 1 0 1 1 0 1 1 0 1 0 0 0 0 1 0 1 1 0 1 0
5 469 1 1 1 1 1 0 0 1 1 1 1 1 1 1 1 0 1 0 1 0 1 0 1 1 1 1 1 1 1 1 1 1 1 1 1 1 1 0 1 1 1 0 1 1 0 1 0 1 1 1
5 470 0 1 0 0 1 0 0 0 0 0 0 0 1 1 1 1 1 0 0 0 1 0 0 0 1 0 0 0 0 0 0 0 1 0 1 1 1 1 0 0 0 1 0 1 1 0 0 1 1 0
5 471 1 1 1 1 1 1 1 1 1 0 0 1 0 1 1 1 1 1 1 0 0 0 0 1 0 1 1 0 1 1 1 1 1 0 1 1 1 1 1 1 1 1 1 1 1 1 0 1 1 1
5 472 0 1 0 0 0 1 0 0 0 1 0 0 1 0 0 0 0 0 0 1 0 1 0 0 0 0 0 0 0 0 0 0 0 0 1 0 0 0 0 1 0 0 0 0 0 0 0 0 0 0
5 473 1 1 1 1 0 1 1 0 0 1 1 1 0 0 0 0 1 1 0 0 0 1 1 0 0 0 1 0 1 0 0 1 0 1 1 1 0 1 0 1 0 0 1 1 1 1 1 0 1 1
5 474 0 0 1 0 0 0 0 0 0 1 0 0 0 0 0 0 0 0 0 0 0 0 0 0 0 0 0 0 0 0 0 0 0 1 0 0 0 0 1 0 0 0 0 0 0 0 0 1 0 0
5 475 0 1 1 1 1 1 1 1 1 1 1 1 0 1 1 1 1 1 1 0 0 0 1 0 0 0 0 1 1 0 1 1 0 1 1 1 1 1 1 1 1 1 1 1 1 1 0 1 1 1
5 476 1 1 1 1 0 1 0 1 1 1 1 1 1 0 0 1 0 0 1 1 1 0 0 0 1 0 1 1 0 1 0 0 0 1 1 0 1 0 0 1 1 0 1 1 1 1 0 0 1 1
5 477 1 0 0 1 1 1 1 1 1 0 1 1 1 1 1 0 1 1 0 0 1 1 1 1 1 0 1 0 0 1 1 1 0 1 1 1 1 1 1 1 1 0 1 1 1 1 1 0 1 0
5 478 1 0 0 0 0 0 1 0 1 0 0 0 1 1 0 0 0 1 0 1 1 0 0 0 1 1 1 0 0 0 0 0 0 1 1 0 0 0 0 1 1 1 0 1 1 0 0 0 0 0
5 479 1 1 1 0 0 0 0 1 1 1 1 1 1 0 0 1 1 1 1 1 0 1 1 1 1 0 1 1 1 1 1 1 0 1 1 1 1 1 1 1 1 0 1 1 1 1 0 1 1 1
5 480 1 0 1 0 1 0 0 1 1 1 1 0 1 1 1 1 1 1 1 0 0 0 1 1 0 1 1 1 0 1 1 1 1 0 0 1 1 0 0 1 1 0 1 1 0 1 1 0 1 0
5 481 1 0 0 0 1 0 0 0 0 1 0 1 1 0 0 0 0 0 1 1 0 1 1 1 1 0 0 0 0 0 0 0 0 0 0 0 0 0 0 0 1 0 1 0 0 0 1 0 0 0
5 482 1 1 1 1 0 1 1 1 1 1 0 1 1 1 1 1 1 0 1 0 1 1 0 1 1 1 1 1 1 1 1 1 1 1 1 1 1 0 1 1 1 1 1 1 1 0 1 1 1 1
5 483 0 1 0 0 0 1 0 1 1 0 0 0 0 0 1 0 0 0 0 0 0 0 0 0 0 0 0 0 1 0 0 1 0 1 1 0 0 0 1 1 0 0 0 0 0 0 0 0 0 1
5 484 0 0 0 0 0 0 1 0 0 0 0 0 0 0 0 0 1 0 0 0 0 0 0 0 1 0 1 1 0 0 1 1 1 0 0 1 0 0 1 0 0 1 1 0 0 1 1 0 0 0
5 485 1 1 0 1 1 0 1 1 1 1 1 0 1 0 1 1 1 0 0 1 1 1 1 0 1 1 1 1 1 0 0 1 1 0 1 1 0 1 1 1 1 1 1 1 0 1 1 0 1 1
5 486 1 0 0 0 1 0 0 0 0 0 0 0 0 0 1 0 1 0 0 0 1 0 0 0 0 0 1 0 0 0 0 0 0 0 0 0 0 0 0 0 0 0 0 0 0 0 0 1 0 0
5 487 0 0 0 0 0 0 0 0 0 0 0 0 0 0 0 0 0 0 0 0 0 0 0 0 0 0 0 0 0 0 1 0 0 0 0 0 1 0 1 0 1 0 0 0 1 0 0 0 0 0
5 488 0 1 1 0 1 0 0 1 1 0 1 0 0 1 0 0 1 1 1 1 1 1 1 1 0 0 1 1 1 0 1 1 0 1 1 0 1 0 1 1 0 1 1 0 1 0 1 1 1 0
5 489 0 0 1 1 1 1 0 0 1 1 1 1 1 0 0 1 0 0 1 0 1 1 1 1 0 1 1 1 1 1 1 1 1 1 0 0 0 1 0 1 1 1 1 1 1 1 0 1 1 1
5 490 1 1 1 1 0 1 0 0 1 1 1 1 1 0 1 1 1 1 1 1 1 1 1 1 1 0 0 1 1 1 1 1 1 1 1 1 1 1 1 1 1 0 1 1 1 1 1 1 1 1
5 491 1 0 0 1 1 1 1 0 0 1 0 0 0 0 0 0 1 1 0 0 0 0 0 0 0 0 1 1 1 1 0 1 1 0 1 1 1 1 1 1 0 0 0 1 1 1 0 1 1 0
5 492 1 0 1 0 0 0 1 0 0 0 1 1 0 1 0 0 1 1 1 1 0 1 0 0 1 1 1 1 1 1 1 1 0 1 0 0 1 1 1 1 0 1 0 1 1 1 0 1 1 0
5 493 1 0 1 1 0 0 1 0 0 0 1 0 0 1 0 0 1 0 0 0 0 0 0 0 0 0 1 0 0 0 0 0 0 0 0 0 0 0 0 0 0 0 0 0 0 0 0 0 0 0
5 494 0 1 1 1 1 1 1 1 0 0 1 0 1 0 0 0 1 0 0 1 0 0 0 0 1 0 1 1 0 0 1 1 0 1 1 0 1 1 1 1 0 0 0 0 1 1 1 1 0 0
5 495 0 1 1 0 1 1 1 1 1 1 1 1 0 1 0 1 1 1 1 1 0 0 1 1 1 1 1 1 1 1 1 0 1 0 1 1 1 1 1 1 1 1 1 1 1 1 1 1 1 1
5 496 1 1 0 0 0 1 1 1 1 1 0 1 1 1 1 0 1 1 1 0 1 1 1 1 0 1 0 1 1 1 1 1 1 1 0 1 1 1 1 0 1 1 1 1 1 0 1 1 0 1
5 497 0 1 0 0 0 0 1 0 0 1 0 0 1 1 0 1 0 1 0 0 0 1 1 1 0 0 0 1 0 1 0 1 0 1 0 1 0 0 0 1 0 1 1 0 1 0 0 1 0 1
5 498 0 1 1 1 1 1 1 0 1 0 0 0 0 1 1 0 1 1 1 1 1 0 1 0 0 0 1 1 0 0 0 1 0 1 1 1 0 1 0 0 1 1 0 1 1 1 0 1 1 0
5 499 0 0 1 1 1 1 1 1 1 0 0 1 1 1 1 1 0 1 0 1 1 1 0 0 1 1 1 1 0 1 1 1 1 1 1 0 1 1 1 1 1 1 1 1 1 1 1 0 1 0
5 500 0 0 0 0 0 0 1 1 0 0 0 1 0 1 0 1 0 0 0 0 1 0 1 0 0 0 0 0 0 0 1 1 0 0 0 0 0 1 0 1 1 0 0 1 0 1 0 1 1 0
