1 1 1 0.367679175686317 1.10935540806447
2 1 1 -1.55276219195733 -0.776654813319241
3 1 1 0.598996909239343 0.513856783747087
4 1 1 -0.840966110933697 0.834645121778693
5 1 1 -0.445227412421653 0.769475171104369
6 1 1 -0.99114727931606 -0.777181548109361
7 1 1 0.354280299476694 0.188629114732372
8 1 1 0.492630075910089 0.868828651518834
9 1 1 -0.212538206035325 0.660846147982882
10 1 1 0.542753393795501 2.27401997041027
11 1 1 1.50300393392297 0.0504234343585581
12 1 1 0.497865272643453 2.86451207283947
13 1 1 -1.03586088031522 2.04325582325837
14 1 1 -0.936961838420081 0.919135357377216
15 1 1 0.166072647432822 1.85905032688808
16 1 1 2.30905501748194 1.77539090201375
17 1 1 -0.253890739731581 -0.039297443441744
18 1 1 0.536420615008998 2.35199165391935
19 1 1 0.0295686635187708 -0.533962525619463
20 1 1 1.98482371561204 1.87558321713721
21 1 1 0.596326970321482 0.375062690509396
22 1 1 0.816313654895282 0.677626941059351
23 1 1 0.639025902622347 2.031272724326
24 1 1 -0.755351818584131 0.068665443117069
25 1 1 0.188362516158188 0.639198242132671
26 1 1 0.191089099846198 -0.931730644117802
27 1 1 0.798307698512121 -0.49934436219254
28 1 1 0.595899270468155 1.45337483507398
29 1 1 1.06181196992793 -0.755355090137542
30 1 1 0.232874095112918 -0.0784793111415657
31 1 1 2.16436963520378 0.759565072490888
32 1 1 1.04782727083813 -0.0216439408523283
33 1 1 -1.64343730457897 0.216992458542755
34 1 1 -0.411081555087944 -0.717563639892239
35 1 1 -0.197431171053531 -0.714243555326257
36 1 1 0.334015819705362 0.553164126847002
37 1 1 0.0474237804853028 1.45310156323408
38 1 1 -1.04533938201223 -0.393617034661276
39 1 1 -0.779955731961215 -0.495947627154713
40 1 1 -0.345529358289865 -0.344921150295777
41 1 1 1.37542773239233 1.2450149332925
42 1 1 -0.032058932241276 1.81660298959146
43 1 1 -2.16382312215375 -1.06937992135328
44 1 1 -0.204490484758409 -1.34770678642244
45 1 1 -2.16128396724785 -0.442360304072633
46 1 1 -1.44417496236797 0.791907543979486
47 1 1 0.225211504527985 1.91355523286474
48 1 1 -3.69862980172052 0.590661334306525
49 1 1 -0.932602303412256 1.51577232386757
50 1 1 2.16653503341168 0.00342736749525352
1 2 1 0.078442610321236 -0.552699511826709
2 2 1 -0.29354011553447 1.49381314880415
3 2 1 -0.140026457433186 -0.326915139015062
4 2 1 0.396297315938272 0.355299962496843
5 2 1 1.31384473981644 -0.0660609757323576
6 2 1 -0.945775450277861 -0.807553635081138
7 2 1 1.25117805919598 -0.285262685313526
8 2 1 -0.667905239553746 -0.359724917380947
9 2 1 2.05524670562064 1.28041070902935
10 2 1 -0.383770722400195 0.0200351025443147
11 2 1 -0.803048915507213 -0.0317790091152795
12 2 1 0.773274339834128 0.371768051057296
13 2 1 -2.75115582163251 -0.602892015589884
14 2 1 1.34211622858946 -1.24758938464845
15 2 1 1.28229976174947 1.64210990284854
16 2 1 0.260646286035124 0.740128824180018
17 2 1 -0.461608665047688 -0.335681935078045
18 2 1 1.42253158835089 -0.690828885859954
19 2 1 0.191692943327924 0.00684712300115869
20 2 1 1.12095151669381 0.881784048297757
21 2 1 -2.25369311620881 -0.859653242528255
22 2 1 0.507942974168843 0.116690786094841
23 2 1 -1.23844755621132 -0.118069066941487
24 2 1 0.504821019564107 0.13931529172439
25 2 1 -1.82903790548537 1.42685559797899
26 2 1 0.1692519385537 -0.146568057167036
27 2 1 -0.1503810107418 -1.77168175653041
28 2 1 -0.373207169047849 1.62189263819593
29 2 1 -0.524868737867145 -0.403420125769661
30 2 1 0.75880741317701 0.585666756779941
31 2 1 0.0237060958457573 -0.140005681826008
32 2 1 0.717964902279894 0.701751764225949
33 2 1 0.0119242164242835 -1.56459075092387
34 2 1 0.418577871303727 -0.819117399668638
35 2 1 -0.50017934820525 -0.770074292475363
36 2 1 0.10565615604172 -0.302289916485307
37 2 1 0.449104960488558 1.41822871418595
38 2 1 -0.787327795329033 -0.285680839756333
39 2 1 -1.61976732094647 0.210088884060338
40 2 1 0.106703096864036 -0.0256136920689015
41 2 1 -1.23470595057981 -0.680820496902466
42 2 1 1.30870107360571 -0.653299225978158
43 2 1 -0.554774060039473 1.16674805348587
44 2 1 -0.505298588337567 -0.478051353055969
45 2 1 1.04603862931351 -0.836147926658122
46 2 1 -1.15879077715328 -0.0190486793753902
47 2 1 -1.59203929462322 0.0381138659877658
48 2 1 0.206010702859261 -0.127070958281039
49 2 1 -0.223963315581458 -0.211283968142112
50 2 1 1.31621672546848 -1.00787716452238
1 3 1 -0.358344049454036 2.12888257742375
2 3 1 -1.04332453078387 0.959844184143068
3 3 1 -0.781125529030576 -0.312910208915913
4 3 1 0.0455863567478757 -0.274911254817022
5 3 1 0.227153602976661 -1.12097798666539
6 3 1 0.6546575055759 1.46193703140609
7 3 1 1.1860404452773 0.965419181239227
8 3 1 1.76387703420177 0.0417381888214126
9 3 1 -0.238418634962366 0.218206992251173
10 3 1 0.178353994141885 0.267869767495623
11 3 1 -0.645971648584509 -0.135001900419518
12 3 1 0.950929279566776 0.116505553238882
13 3 1 -1.15681813658567 0.17040956949677
14 3 1 0.0399660782665359 2.55016968568804
15 3 1 -0.364531419932884 0.269208950152517
16 3 1 -0.945107441568925 0.123950756546648
17 3 1 -0.0119376772763458 -0.980001397801125
18 3 1 0.321210817571 0.656395708482303
19 3 1 0.397101366032959 0.449344709906325
20 3 1 -0.0936692374862425 0.720020059381182
21 3 1 0.0679668230383228 -1.27063475808478
22 3 1 -0.14824365237645 0.185086570066411
23 3 1 -0.835562592105444 0.0530128314163188
24 3 1 0.668884938119494 1.54655357203684
25 3 1 -1.33969633081492 -0.317744466149794
26 3 1 0.15023672215338 -1.54243614958388
27 3 1 1.45532491292382 -0.28687450537405
28 3 1 -0.35771246417514 2.44716274832537
29 3 1 0.00375469898498239 -0.364772630321132
30 3 1 -0.168191402189517 -0.204761656129864
31 3 1 0.120018231319272 0.738969804379194
32 3 1 0.271731036486012 -0.903753130836672
33 3 1 0.0691543863849502 0.514524621866805
34 3 1 1.12608496915483 0.338869854481327
35 3 1 0.360549247379728 -0.374454401023537
36 3 1 0.156583374299694 0.254196835038633
37 3 1 -1.04954241138635 0.273807893222556
38 3 1 -0.914601975976259 -0.558265506475291
39 3 1 0.0681612079687693 -1.12252367013468
40 3 1 0.112933997627768 0.611693998730331
41 3 1 -1.47251732501643 0.811213876960828
42 3 1 -0.442152853294972 0.505748466336698
43 3 1 1.038199830218 0.379213541854018
44 3 1 -0.662946692457698 -0.376621885888309
45 3 1 0.487525488043812 0.726974919613139
46 3 1 -0.0862910327866964 0.379172245946429
47 3 1 -0.3069988178879 0.805820365755002
48 3 1 -1.27831736934843 -0.361370438204508
49 3 1 0.983204963122587 -0.906530580975228
50 3 1 0.0487464902640449 -1.10429132092746
1 4 1 -1.34599202397326 1.16311306148259
2 4 1 -1.56089597122402 2.83197956060513
3 4 1 1.01437355812127 2.16431674470098
4 4 1 -0.154654215073449 2.21145290861412
5 4 1 -0.623768736699073 0.533312799059522
6 4 1 0.518360866381436 1.08887147670041
7 4 1 -0.575633306537213 1.55251862639024
8 4 1 -1.61909012813439 1.42900728639363
9 4 1 1.849351905702 0.381588988555452
10 4 1 -0.0805137309985143 3.91766620784163
11 4 1 2.06362833283676 1.64361799956519
12 4 1 -0.129280708182862 1.20482114625166
13 4 1 -0.142888743265496 1.24136404461035
14 4 1 -0.348211943719062 2.41474203250758
15 4 1 -0.556557319785612 2.94060534876193
16 4 1 -2.09887048869542 0.478793809434089
17 4 1 1.88724339770116 -0.472916674865414
18 4 1 -1.10788213516248 3.33856489592467
19 4 1 -0.758317076644661 0.604645338675194
20 4 1 1.45678449031587 3.06629092685536
21 4 1 0.381305018935526 2.76059818049167
22 4 1 1.72847166715515 0.645332836880643
23 4 1 0.342712448912311 2.87829483153624
24 4 1 -1.3043989714202 1.26041686346141
25 4 1 1.19510541927021 0.470451286255273
26 4 1 0.43203416030619 1.31962102089895
27 4 1 0.0199321191599761 1.33702243924826
28 4 1 0.827278353194166 2.05197877644985
29 4 1 -0.902029560146491 1.0612438178934
30 4 1 -0.16612075522195 0.615814425722514
31 4 1 0.0186279490677878 2.19605701878408
32 4 1 -0.205582424195879 0.383072453662587
33 4 1 -0.920785865117512 -0.155823036429749
34 4 1 -1.33503873648878 2.24176070544661
35 4 1 -1.0561590054815 0.779267542202456
36 4 1 -0.402753674060063 1.00489896422381
37 4 1 -0.117844693245763 1.86843203516136
38 4 1 0.73158200171798 1.44229927186388
39 4 1 0.766870656057739 2.17752446094645
40 4 1 0.245804120047491 2.66433649802634
41 4 1 -0.515780747440715 2.02921376268315
42 4 1 -0.583928572741996 0.459033680784041
43 4 1 -0.00593947105731568 2.18674440245801
44 4 1 -0.185168106603483 1.18756042680537
45 4 1 0.110125795027999 -0.503809340344362
46 4 1 0.0235656765200837 0.52180300302036
47 4 1 -0.750946711430686 2.35088432606372
48 4 1 -0.811390477470848 0.669062598655164
49 4 1 -0.526556941773027 1.29252174676774
50 4 1 -0.234188793858808 0.486397875956276
1 5 1 -0.554899212177078 0.373273811118786
2 5 1 0.990592606095997 1.40575958960619
3 5 1 1.01789428407749 -0.557233845911291
4 5 1 -0.404597532067945 0.717138157366057
5 5 1 1.08344663050272 -0.23137549921482
6 5 1 -0.0701328705217252 -0.0587484910127194
7 5 1 -1.32608030017479 1.00611187910911
8 5 1 1.14949800748276 -1.37069617145092
9 5 1 0.0854294782031689 0.731401869688535
10 5 1 0.539340210837917 1.17494667704776
11 5 1 -0.65011794586043 -0.44460913580824
12 5 1 -0.588361657311234 0.769231312400245
13 5 1 0.759804490140154 0.730435069309501
14 5 1 0.748072989845322 0.936640083236906
15 5 1 -0.724962788293763 1.45774618065467
16 5 1 -0.0289582157840651 0.39541025497942
17 5 1 -1.27485635542385 1.1919430706634
18 5 1 2.31567194567591 0.396890051226581
19 5 1 0.960646143988383 1.17808811984918
20 5 1 0.437904221289757 -0.842881610662775
21 5 1 -0.137762251378543 -0.203915924001483
22 5 1 0.110697126843315 1.5530960463955
23 5 1 0.761716573989082 0.0617911376408165
24 5 1 -0.213789602663742 -0.97726145357933
25 5 1 1.02524269858539 0.0885259626803852
26 5 1 0.828029377723416 0.235719680870941
27 5 1 2.14166881489534 0.365909579429008
28 5 1 -1.0498000776107 1.13293599332373
29 5 1 -0.520012835862139 1.37741350279683
30 5 1 -1.57282479791221 0.204704103303032
31 5 1 0.806306514750266 1.11358002789538
32 5 1 1.44807380951374 -0.599034658146844
33 5 1 -2.26956348528208 -0.119795480245222
34 5 1 0.386235605227355 -0.448579159112469
35 5 1 -1.17414112853043 0.880291416913101
36 5 1 -0.419674176265447 -0.22787062883959
37 5 1 -1.20129385989259 1.47524656624304
38 5 1 0.446289766541426 0.149707870406546
39 5 1 -0.742997540320079 0.0845277270315441
40 5 1 -0.24006743526843 0.601841337755151
41 5 1 0.466018024730931 0.819759162515058
42 5 1 1.36936460818894 0.770728897992696
43 5 1 0.103632529673131 -0.248839544254516
44 5 1 -1.23895462253766 0.8247149738113
45 5 1 0.753830229022459 0.258917630173033
46 5 1 0.278918055676339 0.036644825807097
47 5 1 -0.0913407022287693 0.641940259874154
48 5 1 -0.315507222224352 -0.377560011291178
49 5 1 1.58231358384819 2.09110087326773
50 5 1 0.769787287979745 0.62928110485691
1 6 1 -0.153088956014806 0.299508361787953
2 6 1 0.290879234283586 0.193648043382577
3 6 1 0.847476007104681 1.85875555762521
4 6 1 1.28072298769866 0.634890880659641
5 6 1 -0.561846176261788 -0.169168645075544
6 6 1 -1.47854177226688 -0.433212659151871
7 6 1 0.817674525648963 -1.21723403397599
8 6 1 -0.453917829653905 0.0167323134950604
9 6 1 0.445501794717389 -1.75422287675733
10 6 1 -0.551203155023216 1.48736370829537
11 6 1 0.821957469514701 2.08620412078557
12 6 1 -0.15627209849224 -0.265306354725641
13 6 1 0.707694115675823 -1.48024162468137
14 6 1 -0.484407400565029 -1.915927972411
15 6 1 0.95428621370337 2.9375612038438
16 6 1 -0.399608492250508 -0.389390241493349
17 6 1 0.35141180746356 -0.0411589487015541
18 6 1 0.0126013042737665 0.243378048786008
19 6 1 1.18902318474979 -0.333403285118932
20 6 1 0.418086704083592 -0.611567654352379
21 6 1 -0.0781769572489208 -1.38036311744641
22 6 1 1.2000257341719 -0.0521272123412506
23 6 1 0.117755314598577 -0.843277222236383
24 6 1 0.971572468608594 0.34351727466754
25 6 1 0.764641911837649 -0.608491299162219
26 6 1 -0.425288075223546 -1.9897866621611
27 6 1 -0.97592688575938 -0.239124746532235
28 6 1 -0.585538906292693 -0.173531001557219
29 6 1 1.46210194586731 -1.16171242886903
30 6 1 0.447742983274024 -2.04570619139329
31 6 1 0.688276696707469 -1.32537726701173
32 6 1 -0.00724317024844636 0.432271304105371
33 6 1 1.07805863051205 -1.57321332312388
34 6 1 -0.350841827090132 -0.601976635662189
35 6 1 -1.23275169555434 -1.77022874791524
36 6 1 -0.0271583059374616 -1.35570070900247
37 6 1 0.126422036191414 -0.872228338654161
38 6 1 -0.980519219860623 -0.765843764058462
39 6 1 1.38889582963534 -1.0077653671775
40 6 1 0.469257995605489 -1.30462901189296
41 6 1 0.41436180381902 0.607949218193323
42 6 1 -0.953184239291741 0.328701237069236
43 6 1 -0.922007419975911 0.736362837466573
44 6 1 -0.549481423707986 0.356695994087575
45 6 1 -0.387926382119442 -0.135179211613812
46 6 1 0.578648051818599 -0.0255889585971646
47 6 1 -0.00323298997572007 -1.67210925334232
48 6 1 -1.25138992722621 -1.54214784390078
49 6 1 -0.614287768214335 -0.166854906979553
50 6 1 -1.38323077037721 -1.91409441067848
1 7 1 -0.822708371861464 -0.258289228560345
2 7 1 0.181349019133094 0.940943263589024
3 7 1 0.989030503215989 0.252703605852833
4 7 1 -0.997102350678349 -2.38514543069143
5 7 1 -1.01050655853813 -1.87126351384722
6 7 1 -1.02572726536076 -0.186909372717671
7 7 1 -0.28357231571532 0.306452549116074
8 7 1 -0.360376791498293 -1.50322963185877
9 7 1 1.38067933187681 0.360617621696685
10 7 1 0.236185648198903 1.50525320012902
11 7 1 1.57309865762704 1.47856762857026
12 7 1 -0.643788489276401 0.864518004099073
13 7 1 -1.56984750805488 -1.26036651164039
14 7 1 -2.75801045673117 -1.46176219056728
15 7 1 1.36309043015446 0.77698438474595
16 7 1 -0.450765438387375 0.126229911322255
17 7 1 -0.279449514084802 -0.0963241265093973
18 7 1 1.69589515221843 2.21237942455954
19 7 1 0.382502849993263 1.88915041716844
20 7 1 -0.823420771955641 0.737566174418899
21 7 1 -0.502942862776653 1.67833199514268
22 7 1 0.995635045557858 -0.615558574797206
23 7 1 1.34148296802768 -1.4297306137771
24 7 1 0.506449885395145 0.344403221849847
25 7 1 0.441557678228681 0.570171945085013
26 7 1 0.194313972430599 -0.726308337042813
27 7 1 -1.75845379014837 -0.670584595804552
28 7 1 -0.127387557718773 0.363487034881242
29 7 1 -1.67570160215441 0.243063792410048
30 7 1 -0.0024131521345915 -1.86962099877426
31 7 1 1.19767703611415 0.0965325877060093
32 7 1 -0.406014483972731 -0.833115746578658
33 7 1 -0.345556610473348 0.264565847507816
34 7 1 -0.265442801484541 -0.581202575053261
35 7 1 0.0286393899473796 -0.290629549372169
36 7 1 0.885455446408834 -0.778042083681215
37 7 1 -0.960832887434469 -0.551390903982505
38 7 1 0.332773544629434 0.821769019782759
39 7 1 0.32312029530512 -0.842719060412693
40 7 1 -0.152124032225253 -1.21359924766623
41 7 1 0.385717281985983 -0.710463429140222
42 7 1 -0.814009083558542 -0.818426746965708
43 7 1 1.9374047302454 0.188831723695808
44 7 1 -0.163888153093367 1.19581774518432
45 7 1 -2.15433986784863 0.238236108985601
46 7 1 -0.938649190424686 -0.563754888158881
47 7 1 0.271730719802606 0.134580395083638
48 7 1 -0.494151488708192 -1.44635820726204
49 7 1 -1.68970358376794 0.885042582468129
50 7 1 -0.614170880378689 0.349633574892819
1 8 1 0.548712303568572 2.69245180890677
2 8 1 0.109748215138113 1.83335956510588
3 8 1 0.388480529762728 1.18187882557573
4 8 1 -0.22918870996047 -0.0504097665511058
5 8 1 0.360127970662459 0.70386200108187
6 8 1 -1.75906864278156 1.29018491345267
7 8 1 -0.695921065638257 0.677712226171341
8 8 1 -1.00168501086635 0.904262375898668
9 8 1 0.112236855154464 0.938775750777576
10 8 1 -0.902017874285596 0.743533606153564
11 8 1 -0.37868351323039 1.60604931534982
12 8 1 -0.223667323349192 1.49071234054675
13 8 1 1.56376877771095 1.34881144348171
14 8 1 0.171220342407143 2.53894251255805
15 8 1 0.0734284255480881 1.84856383646339
16 8 1 1.16431287967758 1.88514583053787
17 8 1 1.01112845321848 0.828330524257631
18 8 1 0.905713913366223 2.88369431056728
19 8 1 -0.897996581764308 -0.157172916588953
20 8 1 -0.952732170327166 2.59702001526959
21 8 1 0.444873738711138 1.55986930260126
22 8 1 0.462379472974431 0.399723290406868
23 8 1 -1.55879392490666 0.711732990424085
24 8 1 -0.826629550098938 0.234750563789828
25 8 1 0.0983386269289201 0.632151730943542
26 8 1 0.906652737906781 1.95486271184638
27 8 1 -0.594994068121881 0.460895886745176
28 8 1 1.69987195714953 1.26296824631558
29 8 1 -1.37917931553147 -0.61392101878731
30 8 1 -0.968964936714534 1.29256689908603
31 8 1 0.813209252221434 1.37252721978517
32 8 1 -0.24351971476176 0.932017964288467
33 8 1 -0.658599322157398 -0.683898006891263
34 8 1 -0.640422291244803 -1.28501771516242
35 8 1 0.242926816258666 0.584211503778962
36 8 1 0.387742152316202 0.442186278518728
37 8 1 -1.98126968861125 -0.190512997844417
38 8 1 0.587935255050984 1.49999645953893
39 8 1 0.0129096407222399 1.33156665851526
40 8 1 0.56270527119763 -0.0838371573053306
41 8 1 0.529807539395789 0.973626867421477
42 8 1 -0.258056961333191 0.943390517518835
43 8 1 -1.63814503536722 2.54750766508264
44 8 1 -0.632566782220911 0.741604295124951
45 8 1 -1.28833986445836 -0.343675451173307
46 8 1 -1.0767240888081 0.0712778510408948
47 8 1 0.779447601957921 0.44218511991093
48 8 1 0.955207869731061 2.61609422973468
49 8 1 -2.83305099898944 0.173059471914819
50 8 1 0.366168537318021 0.486495927374218
1 9 1 0.961423452081801 0.514479470286599
2 9 1 0.765921679489284 1.22506360869636
3 9 1 1.18496472424153 0.0578291879037741
4 9 1 -1.04804721128494 -0.781815272557007
5 9 1 -0.829991328810967 -0.535733899525903
6 9 1 1.98037587750819 -0.659067308892111
7 9 1 0.653669687029837 0.732426038708519
8 9 1 -0.547408698453783 -0.692624180884682
9 9 1 -0.899995981534199 -1.32777248418343
10 9 1 -0.327441392082451 -1.01385297510994
11 9 1 -1.19856014699148 0.955999754971803
12 9 1 -1.52401365324891 -0.488764492288973
13 9 1 -0.253610807949777 1.06681971605743
14 9 1 1.63075162498213 -0.783102004859388
15 9 1 -0.699047433120853 -0.921366163453494
16 9 1 -1.37446439820084 0.445521990344588
17 9 1 -3.03152179641791 -1.42977655796464
18 9 1 0.102475273885373 0.473173318827631
19 9 1 1.34926199718038 0.558253655760672
20 9 1 0.970860125895553 0.0317964246512283
21 9 1 -0.289724983776703 1.14294494497461
22 9 1 -0.10798723448416 -1.60251843554736
23 9 1 -0.301759662809682 0.129795061410289
24 9 1 0.727852288193041 -1.66183671021028
25 9 1 -0.537736385442992 -1.48781171111724
26 9 1 -0.0972721068607974 -1.25288527587339
27 9 1 0.262977216197623 -0.015189480122677
28 9 1 0.782201131976122 1.08781923858769
29 9 1 0.0579749951028353 -0.391681120994213
30 9 1 0.62110210786336 0.114392807666258
31 9 1 0.122698316710248 0.412947261031121
32 9 1 0.311671541443655 -0.0886744872573641
33 9 1 0.322505639375783 -1.40449383477896
34 9 1 1.52044648219462 -0.778468324925493
35 9 1 2.64387196469022 1.24726450905243
36 9 1 -0.413788413512362 -0.111081570849742
37 9 1 -1.09446596823276 0.36603613349726
38 9 1 -0.517233963184057 0.0517879536201376
39 9 1 -0.542767179346475 0.600526320889471
40 9 1 1.33549180241864 -1.103897835325
41 9 1 -0.261040861402285 1.20024344468825
42 9 1 0.2125538775745 0.547576204164164
43 9 1 0.749772261084688 0.0936147558696533
44 9 1 -1.42789409433082 0.239454808541946
45 9 1 -1.17498394611499 1.03722502835081
46 9 1 0.0244502281525919 -0.0477347650509653
47 9 1 0.0733109618925137 1.23925664477547
48 9 1 -1.7220271843548 -1.82290955394204
49 9 1 0.718970133386462 -0.103278837086337
50 9 1 -0.960179974375993 -0.770311412822655
1 10 1 -0.0341427020043577 0.0208797739026983
2 10 1 1.09974395838672 -0.596191619570768
3 10 1 -1.03324901026184 -0.0975348269617871
4 10 1 -0.37378143877692 0.517159903995129
5 10 1 -0.626424981483893 -0.080760107843939
6 10 1 -1.23580403989935 0.330565777789897
7 10 1 1.65934720778293 0.248055035789939
8 10 1 -2.16421343405466 -0.223449837430723
9 10 1 -0.272478470404372 0.718977831190899
10 10 1 0.126478982880454 0.0827499704097372
11 10 1 -1.93778749002423 -1.67093722560119
12 10 1 1.53557164252022 0.591455151408673
13 10 1 0.206345855552895 0.744777198215712
14 10 1 -1.73516866428401 0.54550702379962
15 10 1 1.63902679674271 1.66669430100964
16 10 1 1.12160114390927 1.99282852294481
17 10 1 0.58935837934802 0.340930173232157
18 10 1 1.75602424280858 1.6991892010498
19 10 1 -0.655310043887997 -0.635701041994573
20 10 1 0.529640664524386 0.36389809087729
21 10 1 0.697199091971099 0.628605037687214
22 10 1 -1.07652794588816 1.87714853379781
23 10 1 0.0291365449271373 0.431645782632518
24 10 1 1.4723248889812 1.75871063597034
25 10 1 -0.905932262861683 -0.731448094986962
26 10 1 -0.50574766824377 -1.41047772470488
27 10 1 -0.742809231884146 -0.310300456537601
28 10 1 -1.01816202753174 0.547972416477968
29 10 1 -1.54645261571819 0.493747754294399
30 10 1 -1.470180958071 -0.579821418833432
31 10 1 1.04110507001996 0.00422342495707073
32 10 1 0.615033523270272 -0.00260048069894336
33 10 1 -0.601315573463035 0.823376054104587
34 10 1 2.11571712436952 -0.865020625219566
35 10 1 1.03387551890039 0.668296345687185
36 10 1 1.06402293024269 0.0823307631619137
37 10 1 0.102280148472374 0.388397422955508
38 10 1 1.35986919292835 0.536033011932219
39 10 1 -0.41247997596949 -0.743623969161897
40 10 1 -2.53013683614394 -1.39866932433705
41 10 1 0.967536452076562 1.22836774339495
42 10 1 -0.0279942578851834 0.0539213394619586
43 10 1 1.89669383177138 2.10401177889718
44 10 1 -1.42668042335103 -0.596972954432127
45 10 1 -1.09135122652257 0.448828244633165
46 10 1 2.19636897714824 -0.408649889937561
47 10 1 0.426730913925423 2.51174859440175
48 10 1 -0.293478068692074 0.926307759452279
49 10 1 2.00244584799926 0.782106490003498
50 10 1 0.662150927613694 -0.918598322561169
1 11 1 0.37876994115793 0.79352303376229
2 11 1 0.78229500882895 1.13062227073989
3 11 1 -1.31783806502947 -0.888605714940065
4 11 1 -0.249498298696339 -0.170531959471201
5 11 1 -0.852687569407809 -0.922831664672185
6 11 1 0.133963364840107 -0.562564888155463
7 11 1 1.45655602796576 -0.796304300701396
8 11 1 0.248320326350521 -0.114322415781606
9 11 1 0.256713622823097 0.243435242080803
10 11 1 -0.610910786883852 0.201975809871167
11 11 1 1.16102303674327 0.00854618792532802
12 11 1 -1.27554406989585 0.0852905195739979
13 11 1 0.938347905748238 1.62841291699901
14 11 1 -0.758640179570259 0.503873382409963
15 11 1 0.942073515369623 2.04861740392006
16 11 1 -0.365478769000277 -0.807676617457692
17 11 1 -1.67708424829778 -1.08789245528288
18 11 1 -0.114923732699755 1.46548070964229
19 11 1 2.37430134949487 -0.182412566658271
20 11 1 1.21988104367724 -0.390108069391566
21 11 1 0.0663656640417864 -0.23308121492826
22 11 1 0.521132962524152 0.783839537004247
23 11 1 -1.61117254162639 -1.74157358635044
24 11 1 -1.06163352214902 0.458001116097719
25 11 1 0.603824907786481 -0.251493584508681
26 11 1 -0.484050552432741 -0.105235538756759
27 11 1 -1.01263645229748 0.62556735597132
28 11 1 0.310467334343848 0.745911518099814
29 11 1 -1.44067476085947 0.262882425231176
30 11 1 0.399448981573373 -0.886447562546106
31 11 1 -0.0660572991043709 1.28567647495738
32 11 1 0.77031840990464 0.632426812115559
33 11 1 1.86098852113476 -0.114680135627538
34 11 1 0.463575740292746 -0.566090198066423
35 11 1 0.321445877131881 0.285907704230781
36 11 1 -0.510628494964174 -1.51216193511461
37 11 1 1.03972087619665 0.208162558883038
38 11 1 -0.542220795436467 0.386516208714124
39 11 1 -0.835809602714875 -2.8575101144839
40 11 1 0.382248167829695 -0.261159849702389
41 11 1 -0.870060680952427 -0.48334009657814
42 11 1 -0.606862283921371 -1.6967552313387
43 11 1 -1.06662903052805 -0.0510491152068907
44 11 1 0.0917055320125674 -0.352608828866983
45 11 1 -1.56281279978028 -0.48363640751754
46 11 1 -1.09927242177897 -0.569390760410485
47 11 1 0.434298054164973 -1.11653570043854
48 11 1 -0.590661389052609 -0.996880712031719
49 11 1 -0.646346149858528 0.549386475617031
50 11 1 -0.84459790457452 0.0433076808731095
1 12 1 1.06562847424235 -0.492084431482575
2 12 1 -0.725638600558073 0.914199149454513
3 12 1 -1.12734604914941 -1.12342582345071
4 12 1 0.695425183718878 1.22287870618551
5 12 1 1.08629226826392 0.482385615892373
6 12 1 -0.00830416659548971 0.817431538704186
7 12 1 0.52675798713959 0.0799830793501383
8 12 1 -1.61437036262134 -0.809139007514371
9 12 1 0.498347897322112 -0.700794697615169
10 12 1 -0.914597600497864 0.43518065733479
11 12 1 -0.897349276110541 -1.0423064225514
12 12 1 -0.098395992871425 -0.560699935596281
13 12 1 -0.591223446278998 -0.934400752017988
14 12 1 1.26832003131976 1.23291448949286
15 12 1 1.37656140533739 1.14250904322422
16 12 1 0.0268228582565034 -0.711788083264626
17 12 1 1.32939095731895 -0.336392388315131
18 12 1 -2.35645427160459 -0.535058576639561
19 12 1 -0.978181761536946 1.02435168031258
20 12 1 -1.42630188060589 -0.106476719819677
21 12 1 -1.49143757622289 -0.343011345767069
22 12 1 0.398876749739332 -0.0675128937172618
23 12 1 -1.84853351492373 0.729889838628358
24 12 1 -0.577014298332885 -0.721701589028653
25 12 1 1.06320017810802 -0.145727385801501
26 12 1 0.0523200507857094 -0.490455661630174
27 12 1 -0.191517019174254 0.167678965065724
28 12 1 0.224058134918385 1.72771734561755
29 12 1 -0.205845606522176 0.69733518070427
30 12 1 0.76980856398254 0.506742921345774
31 12 1 -0.724710842228749 1.02717656976462
32 12 1 -0.585062897313636 1.72798353895884
33 12 1 0.072764949464939 0.480764600476413
34 12 1 -0.651442128582981 -1.31828585460498
35 12 1 -0.315213129488532 0.707770753377296
36 12 1 -0.419085878274662 0.248644883645089
37 12 1 0.503893675376521 -0.0385778507612631
38 12 1 -1.75342335244565 -2.19826040340652
39 12 1 0.224159830005779 1.37212288734212
40 12 1 1.58584972699165 1.22887235482749
41 12 1 0.454878195278064 1.3793966036299
42 12 1 -0.685877068699643 -1.2542313167618
43 12 1 0.525258152985939 2.00204601423316
44 12 1 -0.104204648662333 0.865369773925281
45 12 1 -0.201168132918564 0.82545259813348
46 12 1 0.0228254427436536 0.331914710043783
47 12 1 0.289015797078416 0.344601436976484
48 12 1 2.4835175315164 1.51918995753158
49 12 1 0.146500212185897 0.184821294862225
50 12 1 -0.938245522772823 -1.23766397435827
1 13 1 -0.105760323542552 1.84296033112222
2 13 1 -0.784693751468558 0.125368963265233
3 13 1 -0.468955731372707 -0.212419743658615
4 13 1 0.41757821870066 0.606103821974125
5 13 1 0.158395136717605 0.634077485550132
6 13 1 -0.952334201845141 -0.632765146867893
7 13 1 -0.82618849114871 -0.0350773686196883
8 13 1 -0.911138989962726 -0.0843595890020701
9 13 1 0.117082848135231 0.871464686142985
10 13 1 -0.917717048681614 0.578377370912147
11 13 1 -0.263983124054446 0.168595167994204
12 13 1 0.325941717079625 0.718307764192225
13 13 1 0.0771591825262365 -0.510310187552909
14 13 1 0.693388338360127 -0.429218717800224
15 13 1 -1.24558105258664 1.08199471818422
16 13 1 -1.62214248487917 0.389940356379669
17 13 1 0.729722019052269 0.407927086357338
18 13 1 -0.0533413945116918 -0.475604484473668
19 13 1 0.217516201040049 -0.300530340890956
20 13 1 0.304016517094913 -0.854091440228821
21 13 1 -0.714876085998465 0.835691524613328
22 13 1 -0.186371636386058 0.448016593144896
23 13 1 -1.26617983581703 0.168657955660734
24 13 1 -0.546716094420585 1.04777999395322
25 13 1 -0.808446053862061 -0.486449485116103
26 13 1 0.985257376300554 -0.994253675635393
27 13 1 0.663919811650285 -0.746904775370745
28 13 1 1.18084802576752 0.745929341931675
29 13 1 -1.33156517160933 0.324004410894338
30 13 1 0.284901810135365 -0.580977086183304
31 13 1 -2.05299893368505 0.699897525549653
32 13 1 1.53709572047084 -1.64246025673952
33 13 1 -0.454332414072822 -0.192480207163976
34 13 1 -1.38641261797385 -0.172500461690158
35 13 1 0.239934029556287 1.02143119240683
36 13 1 -1.05100379974093 -0.798521612522182
37 13 1 -0.67440719659226 0.0755697668928686
38 13 1 0.377920589104197 0.37962847235281
39 13 1 0.676356952113587 1.30400231667308
40 13 1 -0.303141110224387 0.618000178400622
41 13 1 0.228637102242469 0.37309147936872
42 13 1 0.299597878428157 -0.667744936318653
43 13 1 -1.32358416309796 0.412999197464166
44 13 1 1.01822065463452 -0.123265012161746
45 13 1 -0.922017147972209 2.26646702500888
46 13 1 -0.250330954186251 -0.592782584469738
47 13 1 -0.330483424420885 -0.112806099729638
48 13 1 -0.418228892831633 -2.02132403091252
49 13 1 -0.44064199240576 0.602265040809089
50 13 1 0.704713059531654 0.297519125411035
1 14 1 1.81329422703096 0.756049708022196
2 14 1 -1.05877617713483 0.344722816228888
3 14 1 -0.850131053135249 -0.299122181266283
4 14 1 -1.89069374931351 -0.056250407946829
5 14 1 -1.65211692507815 -0.54132932018768
6 14 1 2.14022545799336 0.904407070572729
7 14 1 1.55813464699077 -0.0444774009082697
8 14 1 -0.761772467874086 0.0098690991551177
9 14 1 -0.0655173318397185 1.70262404903372
10 14 1 1.66450444673353 1.71002754001466
11 14 1 0.795523821072939 -0.140450108193426
12 14 1 -0.995127551367062 0.662525306700297
13 14 1 -0.835317750347991 -0.877943202329503
14 14 1 0.683067516761619 -0.161439420504088
15 14 1 -0.906266041465358 -0.225714998567863
16 14 1 -1.20026794105239 -1.19260385849861
17 14 1 0.887029791681515 0.555874319402859
18 14 1 0.0459483662170878 0.999014675797244
19 14 1 -0.525448743661962 1.15172305794111
20 14 1 0.548192426930024 -0.684684284205862
21 14 1 0.621389306360569 -0.73033581216696
22 14 1 -0.330469210404832 -0.195943770165875
23 14 1 0.507501508063763 1.75128959146065
24 14 1 -0.618221562708673 0.260568752080071
25 14 1 -0.743218723659566 -0.444552970551615
26 14 1 1.19670190007603 0.123860708460183
27 14 1 1.05892129315921 -0.694074918005363
28 14 1 0.723599547899249 0.321353832580323
29 14 1 -1.02750593864954 -0.441943077556243
30 14 1 -0.758260491810714 -1.12974473559697
31 14 1 -1.31658034414504 0.0446937763895268
32 14 1 -0.0275956759548833 -0.638871633902463
33 14 1 1.76921143319921 1.8504222003205
34 14 1 -2.62000285201556 -0.947060831581585
35 14 1 1.24487438202607 2.05072847436866
36 14 1 -1.23775426060273 -1.40874587016741
37 14 1 0.141948826977934 -0.170335817368938
38 14 1 0.780373948736722 -0.0804631807947619
39 14 1 -0.252953529346399 -0.386315609720402
40 14 1 -0.135562847636456 -0.574381621166934
41 14 1 1.36758630495131 0.178288411947642
42 14 1 0.0443085167775065 -1.10658803979005
43 14 1 0.218622908111774 1.36106838139867
44 14 1 -0.262178814627868 -0.438446634865715
45 14 1 0.244000882455562 0.16229963644417
46 14 1 -0.159889029447757 -1.06797346234905
47 14 1 -1.40248437839244 -1.13461248414694
48 14 1 0.437967453552113 2.12024962082552
49 14 1 0.911660069092188 0.884425256698126
50 14 1 -1.2572149902807 -0.891597620662962
1 15 1 0.0449837932553825 0.61942420797814
2 15 1 -0.235863705325884 -0.0166871684701733
3 15 1 0.710313385519699 -0.536771932584561
4 15 1 0.900075035343949 1.45671609828201
5 15 1 0.413417946446898 -0.338835677021331
6 15 1 -0.724984090319667 -1.77251768129006
7 15 1 -0.559496460830657 -0.188315432592689
8 15 1 -0.466550711859721 -0.969211394446427
9 15 1 -0.590993705424781 -0.315167126924726
10 15 1 0.495634863963241 1.28495434932099
11 15 1 -1.35638760973248 -1.57725869228799
12 15 1 -1.06488521926865 -0.222080730648979
13 15 1 0.0569113920681152 0.899705348395999
14 15 1 -0.601171774530079 0.254678659698157
15 15 1 -0.310933331115751 -0.206689597958724
16 15 1 -0.457009843193037 0.318750535935097
17 15 1 -0.81372374847447 0.723348071500332
18 15 1 -0.391441248777305 -0.0710401352307413
19 15 1 -0.991415183674086 -0.531980333358352
20 15 1 -1.15281545159815 0.206025961446402
21 15 1 -0.888401471756729 -1.40902396108351
22 15 1 -0.132961151242896 -1.47392916083772
23 15 1 0.724400608768327 1.30814583091847
24 15 1 -0.867368753004878 0.338980732391414
25 15 1 -1.49219840659968 -1.381683268509
26 15 1 0.49166698009102 -0.901303201888326
27 15 1 0.750317786022327 -0.195961990375508
28 15 1 -0.387498661417105 1.36003139556407
29 15 1 -0.556735882170651 0.0895867433406829
30 15 1 -1.32902527034504 -0.0907546644542579
31 15 1 -2.22195011344569 -0.712145680533735
32 15 1 1.30859128756263 0.691150929846024
33 15 1 -0.127332373474324 -1.60162414596484
34 15 1 0.00416957452105295 0.945948211743465
35 15 1 -1.15467159186153 -0.547946504783108
36 15 1 0.655777605459058 0.244261150631206
37 15 1 0.860966438900875 0.344535116491428
38 15 1 -0.768772863193491 1.46428470874525
39 15 1 -0.273708893837384 -1.38851806174333
40 15 1 1.88737657885376 -0.496491244097165
41 15 1 -1.47196533062111 0.904367984997683
42 15 1 -0.795685543687804 -0.31936965537517
43 15 1 0.0845224358323071 1.03993231517073
44 15 1 1.51499551990346 -0.781376946707211
45 15 1 0.354975018300493 1.66247189169944
46 15 1 -0.374821305030286 0.564650662301654
47 15 1 -0.483812458184981 -0.935799504271363
48 15 1 -1.25182314306511 -2.31335205057453
49 15 1 0.149713727781347 0.652381181144036
50 15 1 -0.864416608806466 -1.65972832671088
1 16 1 -0.292342533022752 0.431520954254968
2 16 1 1.35757065491522 1.11162214173533
3 16 1 -0.498906008055708 0.934960777188544
4 16 1 0.410479371092244 0.984545803012738
5 16 1 -0.147304602836234 -0.2180741912187
6 16 1 -0.498182729100889 -0.155955952960472
7 16 1 -1.31126230481026 0.694591191879015
8 16 1 0.780801016476583 -0.316856628465454
9 16 1 0.48613853878924 -1.06857128345512
10 16 1 -1.05453590563985 0.05846503494013
11 16 1 0.799898523384178 -0.9193514039889
12 16 1 -3.05438587077499 -0.253139695296262
13 16 1 -0.290234445124801 0.542440682233213
14 16 1 1.13029119856696 -0.0234504836038039
15 16 1 -0.738722524951163 1.07266248166063
16 16 1 0.773897614610402 -0.158336272600382
17 16 1 -0.13087504932286 -0.104886493086468
18 16 1 -1.07722984696966 -0.25237662525519
19 16 1 1.44036527794335 0.526392795590084
20 16 1 -0.511292048643351 -1.40231452193772
21 16 1 -0.177639919399383 -0.502768558411791
22 16 1 0.0676074721551932 -1.82107308845779
23 16 1 0.330041539709885 0.372502551737259
24 16 1 0.094855631110199 1.04588470348613
25 16 1 -1.20370767087282 -0.824286156384664
26 16 1 0.467154583122422 -1.14904774098397
27 16 1 -2.5080537754141 -0.251389812628003
28 16 1 -0.601202258792192 2.16225823766352
29 16 1 0.225614103897526 1.6528074400837
30 16 1 0.487863267940611 -0.290616384130827
31 16 1 -0.643384588874557 -0.168245478688326
32 16 1 0.713399597214961 -1.3080074701877
33 16 1 1.48149611161505 1.01272440476627
34 16 1 -0.594449955029324 0.590001132851818
35 16 1 -0.343864305872148 -0.315066256556544
36 16 1 -1.53975391836743 -0.313951963537148
37 16 1 2.32522218446218 1.42408103524533
38 16 1 1.01373410470702 0.854450249914272
39 16 1 -0.311258186106503 -0.698404017082636
40 16 1 -0.646445132917987 -1.7235233134754
41 16 1 1.9577113963404 -0.619247728597275
42 16 1 1.41083102087692 -0.349544192594137
43 16 1 -0.0833492415599733 0.721542705877359
44 16 1 1.01380160219953 1.52035649542917
45 16 1 0.554086446367846 1.18402607177092
46 16 1 -1.89961097679073 -0.73230541112455
47 16 1 0.43351740040945 0.362071298460836
48 16 1 1.25050925755199 -0.171656753064441
49 16 1 0.35421495739696 1.14197703898655
50 16 1 0.461240712274967 0.740170223417537
1 17 1 1.41028699685617 0.931025050902474
2 17 1 -1.03688411748002 0.034855358136238
3 17 1 -0.290040685199183 1.28734487948537
4 17 1 1.18618297334806 2.15951748560726
5 17 1 1.50408836287564 0.471523171803183
6 17 1 0.44597765012858 0.242292195244041
7 17 1 -1.12382773370015 0.28222335257656
8 17 1 0.79953819257947 -0.0736826213582801
9 17 1 -1.69094626807387 -0.678940565393868
10 17 1 -0.65560852836828 1.63136777351786
11 17 1 -0.707220056842339 0.717384732940599
12 17 1 0.0743280815746263 0.006577181998073
13 17 1 0.683577442340807 -0.409731338974127
14 17 1 0.882008259979594 1.3290445774926
15 17 1 0.145547843519196 0.745671548219996
16 17 1 -0.925244357146081 0.966602423586163
17 17 1 1.2889770187958 1.11636481513733
18 17 1 -0.116017081379736 0.903951588256072
19 17 1 -0.548929516452024 0.138605445031539
20 17 1 -1.50813629443881 0.515549631838077
21 17 1 -0.323696363184941 -0.747718731300209
22 17 1 -0.301345094541039 1.00047651370903
23 17 1 -2.05915027372865 2.64616601949565
24 17 1 -1.03518731686526 -0.828169566295722
25 17 1 -1.32172306376996 0.0425082189165499
26 17 1 0.10456618165353 -0.233640367847326
27 17 1 -0.419245383305645 -0.932547412676866
28 17 1 0.840027968911916 1.2944531954104
29 17 1 -0.517960898574867 -0.219824821847969
30 17 1 0.701170539925404 -0.0171801433989855
31 17 1 -1.18655436894818 -0.29807682849325
32 17 1 -0.45932636295122 -0.587816300521764
33 17 1 -1.4196033864656 -1.07751107851035
34 17 1 -0.19837242073486 -0.940006181692334
35 17 1 1.06676854221096 0.531055977641262
36 17 1 0.573411219035429 0.330179637170096
37 17 1 0.375904705030852 -0.114575633498089
38 17 1 0.915894912442406 -0.825104352929706
39 17 1 0.72253488622167 0.546244796379832
40 17 1 0.619715445280296 -0.284011790468092
41 17 1 0.888328915834185 1.51281691354712
42 17 1 -1.01326017383646 -1.00239761973479
43 17 1 0.338743997945358 0.987017666903377
44 17 1 0.209109188061106 0.725908929319308
45 17 1 0.26302640657881 0.759587318536949
46 17 1 1.55761268277697 -0.296357475569915
47 17 1 1.24614613010592 0.159847298423128
48 17 1 0.113935836617999 -0.871930905589334
49 17 1 -0.251945545093102 -0.249398503445668
50 17 1 1.29576522116931 -0.925828331814534
1 18 1 0.105407214158429 1.59278815180741
2 18 1 -0.596504471768753 0.473009116121696
3 18 1 1.27093378006312 1.0962190495469
4 18 1 0.938741134167681 1.99766029688921
5 18 1 -1.20679919306912 1.69421375027908
6 18 1 0.114791553146975 0.392687798227706
7 18 1 -0.498353982728537 -0.112808497967772
8 18 1 1.71516852495503 -0.710482171601951
9 18 1 -0.759855450454177 1.16305713143728
10 18 1 -0.947008410599039 -0.18840641409517
11 18 1 -0.602449338897746 0.755728421128415
12 18 1 -0.181318658404378 2.25082914910379
13 18 1 -1.69046784548351 -0.487803159456472
14 18 1 0.430754312775236 1.07053787503908
15 18 1 0.913735076931576 2.37434342167922
16 18 1 -0.348725185148856 0.145089022203966
17 18 1 2.02501531643893 0.208350914034165
18 18 1 0.165207176108685 0.295695719410762
19 18 1 -0.304699330588691 0.837316179401157
20 18 1 1.04328428023698 2.61089620341729
21 18 1 0.23883484136361 0.590111570579455
22 18 1 0.444017990870691 0.077729274884397
23 18 1 0.611045918434353 -0.186956725523229
24 18 1 -0.567119386161501 1.10019538126324
25 18 1 -0.108067540800373 1.47249036098838
26 18 1 1.78026766787665 0.973333509202589
27 18 1 -2.01336979898137 -1.26233366023378
28 18 1 0.482737767956722 1.37488233757247
29 18 1 -0.556817123277042 1.21856294188944
30 18 1 -1.18876227382365 -0.992050348868188
31 18 1 0.0619645083982691 0.830458197056486
32 18 1 1.30821187364486 0.510404527254256
33 18 1 0.88220873107687 0.631331744549186
34 18 1 -1.00571727249259 0.777216192514013
35 18 1 -0.755525427792965 0.686535310890646
36 18 1 1.2976165816646 1.74412459136355
37 18 1 1.22642156248422 1.99261634197684
38 18 1 -0.349509914358619 0.575768415430037
39 18 1 -1.51429360929145 3.45623021407644
40 18 1 1.06811074115634 0.627295119558209
41 18 1 -1.03629849028255 1.4003660951197
42 18 1 -0.446874364791748 0.358598792260528
43 18 1 -0.162971525383144 3.13489073530441
44 18 1 0.996456747332105 0.931664477745551
45 18 1 -1.66383232497795 1.37662954209569
46 18 1 -1.22850999264103 -0.496613209986148
47 18 1 -0.825705773688686 0.650217050440663
48 18 1 0.533252162108473 -0.34400363363471
49 18 1 0.920515809941081 2.93528589267191
50 18 1 -0.462772701054458 0.540026438748055
1 19 1 0.452181112095569 1.80958424209088
2 19 1 -0.920867918376544 0.192274697731253
3 19 1 0.561603109264224 0.601940956808477
4 19 1 -0.916283806678789 -0.23795756611295
5 19 1 -0.414674194859261 0.787778204939317
6 19 1 -0.297077297954889 0.774694205894494
7 19 1 -0.76267443197904 0.234496633011996
8 19 1 -0.566349455171876 0.200138072137728
9 19 1 0.349888926067867 1.1119296029547
10 19 1 0.37591334531606 2.09082126382353
11 19 1 -0.992673549234261 0.961291035108105
12 19 1 1.68869690904109 2.07427617262315
13 19 1 0.146869926251654 -0.625737655026535
14 19 1 0.631664483493502 0.855085816211635
15 19 1 -1.18025804086613 0.904175632060143
16 19 1 2.37367521131558 2.42560610103996
17 19 1 0.1305138557793 -0.862578406758786
18 19 1 0.101160335129266 1.81482051694837
19 19 1 0.526493869872891 -0.0365434289465987
20 19 1 -0.831223398739801 -0.166917211205093
21 19 1 -1.28082905852811 0.748008935625725
22 19 1 -0.759208622558632 1.32504377030381
23 19 1 1.12722189754262 1.48551156123038
24 19 1 1.68978654950026 0.829804308472272
25 19 1 -0.587678961160012 0.904240676978151
26 19 1 -3.08628031946118 -0.512027898220876
27 19 1 0.830355860866693 0.0961600770726704
28 19 1 0.384467550846524 -0.257989096869989
29 19 1 -0.305388851126224 0.947398305836827
30 19 1 -0.473256330914407 -0.0114314606983356
31 19 1 -1.88806928151956 -1.21623758054777
32 19 1 -0.121267804708522 -0.126105334211633
33 19 1 -0.242265135277276 -0.246574109743259
34 19 1 -0.706232870796326 -0.0286708071622766
35 19 1 -0.705897064757509 0.168345760839071
36 19 1 0.274813989601797 0.944518414565689
37 19 1 -0.98086548706804 -0.874763604735872
38 19 1 0.537008498977593 0.76867441173261
39 19 1 -0.870536541425476 -1.05007201177074
40 19 1 -0.230013847217899 -1.49521116095482
41 19 1 -0.786941680186445 0.760738110045635
42 19 1 0.109178554240482 -0.613282922415687
43 19 1 0.973448610512126 0.515364582989158
44 19 1 -0.322984975634087 2.16107726463601
45 19 1 1.6229571142022 -0.739563337652993
46 19 1 2.41210088425188 0.559478068620474
47 19 1 -0.907117249552162 0.105652547831336
48 19 1 -2.09723711526496 1.25955877912022
49 19 1 0.0828313037275507 0.340363407825691
50 19 1 1.25016342619467 0.665317075911204
1 20 1 0.00345881344199615 2.40399458023851
2 20 1 0.876026524288296 1.38551407042384
3 20 1 1.48335874441209 0.296016705951343
4 20 1 2.18964789120947 1.14610645660861
5 20 1 1.63596473849728 -1.38464128856785
6 20 1 -0.357165270689536 -1.60051064715309
7 20 1 -0.650089904422389 0.34823041516844
8 20 1 -0.685849750549905 1.23785916475509
9 20 1 0.0772712066777951 0.225629203923342
10 20 1 -0.496913553399556 -0.349936318231487
11 20 1 0.2635421139806 -1.37153414621034
12 20 1 0.429631704075407 0.0345289519437767
13 20 1 0.179575889702063 -0.360578553587573
14 20 1 -1.20231827533487 -0.869983887655533
15 20 1 -1.00869390707809 0.23634013318155
16 20 1 -0.2414924722907 0.936980382913662
17 20 1 -1.82842920913463 -0.930391524116178
18 20 1 0.40241242499425 -0.916658406337052
19 20 1 0.772140711100003 1.09954004083721
20 20 1 -1.53767230399005 -1.84749518782171
21 20 1 0.751410667578912 -1.73823346320119
22 20 1 -0.32777687691452 0.629830917110839
23 20 1 -0.227501219752163 0.246500184753827
24 20 1 0.776837755382419 1.49607227409903
25 20 1 -0.237652182166153 -0.706950876381561
26 20 1 -0.397602262002646 0.0352130190250046
27 20 1 -0.18426226028294 -0.848454059263013
28 20 1 0.220803686109356 0.00924709698852688
29 20 1 -0.10564208067709 -1.12301468094953
30 20 1 0.485505099550213 -0.806006609360562
31 20 1 -0.56928725278039 0.61036124302161
32 20 1 0.247294207183084 -0.496894830882584
33 20 1 -0.105273774886966 0.145266395413597
34 20 1 2.09264568592087 -0.0349689206591041
35 20 1 0.371351474239736 -0.199570009488656
36 20 1 1.79680866430173 -0.750999843720244
37 20 1 -0.680676247756405 0.219611613988245
38 20 1 0.583059562340482 0.164924214564328
39 20 1 0.568937965314727 -0.146816684018086
40 20 1 -0.579699350080839 0.110863578693492
41 20 1 -0.346931732229358 0.802113569614515
42 20 1 0.727768815822059 -1.17729982833094
43 20 1 -0.520375224299601 -0.529633910310272
44 20 1 0.985910703148636 1.78831949286508
45 20 1 0.518344998972617 0.619944094208296
46 20 1 0.443896657062153 -1.59646120498331
47 20 1 -0.751137813213479 0.0863219863190129
48 20 1 1.97575523590859 0.334880486776482
49 20 1 0.404528083602394 0.0908226395106042
50 20 1 -1.26606025333705 -0.435099283411631
1 21 1 0.930752785541027 0.982315080880931
2 21 1 0.701151915481953 -0.645150166709812
3 21 1 -0.911138464521984 -0.618823587817385
4 21 1 -1.93868201202709 -0.965323548136553
5 21 1 0.123247170339829 -1.52306735193411
6 21 1 0.397311425163915 0.669367904181824
7 21 1 -0.88444052055395 -2.0036885899879
8 21 1 -0.09930866156412 -0.386396014857705
9 21 1 0.372358953491434 1.36503420455215
10 21 1 -1.01125466302944 -0.62750889146383
11 21 1 -0.457125000395353 0.180721826013818
12 21 1 0.20553835332567 0.0172755721348617
13 21 1 -0.311440293586038 -1.42700397778211
14 21 1 -0.87760279561154 -1.66653851828742
15 21 1 -0.42664055891456 1.18927814331435
16 21 1 -2.14180200851051 1.15916940832326
17 21 1 -0.332434762218271 -1.50376488133821
18 21 1 -0.227362078519639 1.14919684951987
19 21 1 -1.11921033425831 -1.13121968962722
20 21 1 0.872284460435679 -0.731661597573041
21 21 1 0.616141996510365 -0.126095264442368
22 21 1 0.180773095803344 -1.36209234262574
23 21 1 0.846235048779806 -0.813706146938253
24 21 1 -0.556921336634454 -0.860243762031279
25 21 1 -0.744427995993294 -0.969196767127648
26 21 1 -0.64814812037169 -0.123176312578932
27 21 1 -1.0940351360184 -1.35400079881512
28 21 1 -0.697846727194033 1.01862337892158
29 21 1 0.625557562794497 0.333663953206929
30 21 1 -0.656871869771848 -0.398779423795237
31 21 1 0.817390376689035 -0.727450879684365
32 21 1 0.279772427388129 -1.17261296106012
33 21 1 2.02457325857436 -0.576292539699145
34 21 1 0.0054180915611391 0.136922231971316
35 21 1 1.60111496349646 -0.206474551499675
36 21 1 -0.0190999644344062 -1.16275171292558
37 21 1 2.08803260500729 1.45373471131256
38 21 1 0.689078312294073 0.525284089392605
39 21 1 0.929506779461053 0.0501460110730349
40 21 1 0.547869132874117 -0.220402050543641
41 21 1 0.592944582111003 -0.0856395584430125
42 21 1 1.05155269129974 -0.825072945247264
43 21 1 0.820089984485137 -2.36110493040272
44 21 1 0.085619982558066 0.576780032760521
45 21 1 1.65357759374985 -0.251990102790567
46 21 1 1.04653505501068 -1.06943371484391
47 21 1 1.18627871945357 -0.696294320984998
48 21 1 -0.183953917820814 -0.899751033069727
49 21 1 1.05095420619035 -0.448285504041261
50 21 1 -0.220828235038209 -1.05385902920897
1 22 1 0.603974514867545 0.107926754964496
2 22 1 -2.17245646523807 0.998432279884628
3 22 1 0.617957814483738 1.52983063716655
4 22 1 0.783144105873626 0.158924526440563
5 22 1 0.0245763434890361 -1.78999816288295
6 22 1 -0.779134703679795 1.08061012798099
7 22 1 0.543847840426771 0.844672106411739
8 22 1 -1.01327739391033 0.133486464974355
9 22 1 0.856062837122011 0.763894396910734
10 22 1 -0.284740085142853 0.289256951382081
11 22 1 -0.453140850351105 0.771308355460351
12 22 1 0.504539656319539 1.81662451890815
13 22 1 0.195304933716388 -0.584218439374226
14 22 1 0.624902421623989 -1.0188878972261
15 22 1 -0.541649959929991 -1.30708490963825
16 22 1 4.33187293658745 2.07117680276661
17 22 1 0.100665952429524 -1.48577575568027
18 22 1 0.0910823397832703 0.136720155950944
19 22 1 0.8686646580454 1.30194598762506
20 22 1 0.500161922375404 -1.21630053825112
21 22 1 0.286903338774457 0.552332019101657
22 22 1 1.25619334208325 0.665409080858288
23 22 1 0.912474643349423 0.512313497062618
24 22 1 0.414412981673777 1.77108789217156
25 22 1 1.64794674136005 0.666003316400649
26 22 1 0.00976121356550497 0.328573760946013
27 22 1 0.655769397170492 -0.348819676640103
28 22 1 0.0767452136190115 1.06630676852263
29 22 1 -1.1988330129432 -0.868970721255171
30 22 1 2.14850200248793 1.45336365919273
31 22 1 -0.0252404000900078 -0.244005171221111
32 22 1 -0.407788325131549 0.746857639361207
33 22 1 -1.12772346549092 -1.91314433979099
34 22 1 0.120130429767437 -1.16330079740092
35 22 1 1.16601107748542 -0.148328414690715
36 22 1 -0.867561030808764 0.893002173255575
37 22 1 1.30224379303347 0.459018131396568
38 22 1 -0.626487586332381 1.89605815327512
39 22 1 0.989071002225667 0.921693927501558
40 22 1 -0.177275640743294 1.93684889616036
41 22 1 -0.203556787060157 0.26873336419007
42 22 1 -0.00529006731045683 0.507543667453742
43 22 1 -0.894605847456374 0.929868504509517
44 22 1 1.51936810565428 1.15877700367682
45 22 1 -0.323084646220882 0.0577667915895157
46 22 1 1.67244506367946 0.151441786532034
47 22 1 -0.230440513061176 1.42267488774072
48 22 1 -1.05362913803692 -0.332614278858528
49 22 1 0.147895960853504 0.620535447204914
50 22 1 0.86148600565841 0.10440804111977
1 23 1 1.74207659780909 -0.183776632015518
2 23 1 0.723374890827795 -1.18802284414998
3 23 1 -0.747224701147957 -2.01025474847005
4 23 1 0.529229845279297 -1.11158685430892
5 23 1 -0.165641660611535 -0.828238729565594
6 23 1 -1.46676742046318 -0.922356660376355
7 23 1 -1.48665923777145 -0.713122743339584
8 23 1 2.96030169661439 0.996141729522041
9 23 1 0.822620922393096 -0.315209022354498
10 23 1 0.138720336474586 -0.193706605407755
11 23 1 1.64930243508075 0.332961597070194
12 23 1 -0.456277969595588 -1.17734905111251
13 23 1 -0.595992553398489 0.409234655413629
14 23 1 0.899379501619044 -1.04349009928711
15 23 1 0.0829659927722561 0.74449549766407
16 23 1 0.873495759346471 -0.467370501962244
17 23 1 0.392089805352163 -1.06890535998745
18 23 1 0.260739260733957 -0.446499681925738
19 23 1 -0.391705886769283 1.39950171529744
20 23 1 0.710717790844387 0.702369080655748
21 23 1 -0.673317534069214 -0.627503530905677
22 23 1 -0.54089207595045 -1.61693229482341
23 23 1 0.701526728175369 -1.17985979316893
24 23 1 -1.05505287646161 0.558182669857134
25 23 1 -0.45831316118914 -0.205817196072225
26 23 1 -0.745582977430185 -1.51349896695142
27 23 1 0.377439096351752 0.00428580802480197
28 23 1 -0.774727369237317 0.481277322230514
29 23 1 0.665344551718439 -1.14877574271251
30 23 1 -0.912430639709296 -1.62720293747216
31 23 1 2.3087058798958 -0.755731671222284
32 23 1 -0.748234771137857 -0.548107257386286
33 23 1 0.364420892675314 0.159164501724932
34 23 1 -0.494214084606856 -0.323785339864019
35 23 1 0.0114875116477925 -0.526483332436624
36 23 1 0.232931696251297 -0.379569416145556
37 23 1 0.978048812746054 0.389615721350143
38 23 1 0.440351211245773 -0.635848895943
39 23 1 -1.64823469592153 -0.393785773305812
40 23 1 -0.0955214090841636 0.225522735799401
41 23 1 -2.12945780044012 -0.0672754329987854
42 23 1 0.0370013604084388 -2.27639987043986
43 23 1 1.21185918522214 -1.15286779097129
44 23 1 0.299529835801475 -0.418142789617989
45 23 1 0.983114152498609 0.868633097888181
46 23 1 -0.0334896216155152 -1.46391351193378
47 23 1 2.18734702257084 -0.531558331648484
48 23 1 0.629786088493527 -0.222014636920553
49 23 1 -2.8085402710278 -1.36791559626199
50 23 1 0.308193297069514 -1.45028442528577
1 24 1 -0.506554277500283 0.182850506994044
2 24 1 -0.172893511562084 -0.656604147027334
3 24 1 -1.45193705656985 -0.719280767946122
4 24 1 -0.286281217170593 0.106661419040536
5 24 1 -0.911994667236007 1.45110242991448
6 24 1 -1.78270715042803 -1.54563451132666
7 24 1 0.362125106691694 -0.288743558622286
8 24 1 -1.3496706899428 -0.0213821036388254
9 24 1 2.4234683865805 -0.0873731169429307
10 24 1 0.833135830193356 -0.839663095862454
11 24 1 1.60523241124096 0.420794164390348
12 24 1 -0.999191420864141 -0.665056548061709
13 24 1 -0.206323160523198 2.07992857175724
14 24 1 -0.510916693098677 -0.805468852013922
15 24 1 -0.200127739015418 0.713861623106306
16 24 1 -0.36124886756377 0.867928773594336
17 24 1 0.83598973150212 0.307957257876764
18 24 1 0.950677466295042 0.0543642219258221
19 24 1 0.484350484608991 0.644503103274071
20 24 1 1.28916856833922 -0.444294549290336
21 24 1 -1.03299473109653 -1.70253349776544
22 24 1 0.51222879295251 -1.75347365084018
23 24 1 1.64969423893879 -0.0555485313632523
24 24 1 -0.0979597323857953 0.465616134812703
25 24 1 0.138607133447932 1.46011481639804
26 24 1 -0.61209840827645 1.50360656811121
27 24 1 0.515864825745162 -0.656072473749588
28 24 1 0.37700973560786 -0.782445835435953
29 24 1 0.973440635035685 -0.0392819370138845
30 24 1 -0.501131451524573 -0.171695425433622
31 24 1 0.224227289059975 0.00630260327608617
32 24 1 0.41525250082237 -0.0914433317412607
33 24 1 -0.412146665376536 -0.678956626341234
34 24 1 -0.250474303775337 -1.39812684118224
35 24 1 -0.518094786948524 1.17707646576315
36 24 1 -0.17029039274902 -1.54148287812672
37 24 1 0.119290932851737 1.2686365268704
38 24 1 -0.189816026383843 0.500241365133862
39 24 1 0.318483299116908 -0.177777189931437
40 24 1 0.830742709979712 1.96826901123129
41 24 1 1.11509336700473 0.786749098283391
42 24 1 -0.740566572238491 -1.12379475753464
43 24 1 -0.206356988438995 -0.0143605862286777
44 24 1 0.614450699958503 -0.882570213160517
45 24 1 1.04836579869932 -0.824606829879867
46 24 1 -0.109722183632655 -0.309232714126503
47 24 1 1.8192661523329 -0.320451707614238
48 24 1 0.307361465341354 -0.353525308157062
49 24 1 1.31188855683976 1.94665025542608
50 24 1 0.744077677040458 0.634426815202712
1 25 1 -0.544374876791848 -1.70174114991486
2 25 1 1.14300455582751 0.023212196499246
3 25 1 0.526134846124242 0.525665605597597
4 25 1 -1.80287219723726 -1.11510126779026
5 25 1 -2.11518912796668 -1.49994929744367
6 25 1 -0.553353474697468 -1.01712785818372
7 25 1 -1.55823621666168 -0.893159353154642
8 25 1 0.852815684357461 0.0719825921722544
9 25 1 2.12557306753986 -0.596430484230565
10 25 1 0.288083390512602 0.545455202084498
11 25 1 0.868951101322001 0.836461592668368
12 25 1 -0.607810113640644 0.276245949155938
13 25 1 0.0934700566442002 0.719031735901957
14 25 1 -0.0253412770798742 -0.723395061088152
15 25 1 -0.212408452950674 0.716847458900398
16 25 1 -0.231745129623947 0.52660546252567
17 25 1 -0.802575679635188 0.0307306871946423
18 25 1 -1.47569806870304 0.414167039345819
19 25 1 -0.255749020302168 0.128252693804375
20 25 1 -0.765325878126557 -1.80723409832097
21 25 1 0.361386957035719 -1.50527580466854
22 25 1 0.200839017195432 0.0579970289303181
23 25 1 -0.73095517607365 0.314098605673785
24 25 1 0.119184561474181 -0.608596233810021
25 25 1 0.735201033558657 0.799410357461945
26 25 1 0.0518775620052092 -0.676658485977948
27 25 1 -0.989938383091909 -1.55612754649914
28 25 1 1.05675999081442 -0.432165063005384
29 25 1 0.546220303216884 0.045874323761724
30 25 1 0.641853722230133 -0.262552697282513
31 25 1 -0.299354942000325 -0.176699645000668
32 25 1 -0.252710069032223 -1.7349256880381
33 25 1 -0.168271626993826 -1.57932723340988
34 25 1 0.687264573328552 0.154615075229013
35 25 1 1.12447929571143 -0.613853748883192
36 25 1 0.52781800870967 0.56914163539535
37 25 1 0.583541964273263 -0.0283197148628549
38 25 1 1.35723251009101 -1.52803499919621
39 25 1 -0.372735073324211 0.474956180954382
40 25 1 -0.0900723632424452 -0.00136273460625613
41 25 1 -1.49710789036154 -1.43089172349257
42 25 1 2.37514181129732 -0.0302874204486703
43 25 1 -0.588023998409625 -1.42735797416158
44 25 1 -0.260007534940809 1.31711673827212
45 25 1 0.731439834040159 -1.03889137106713
46 25 1 1.29365886341893 -0.491400505091206
47 25 1 0.746713193706264 -0.131707727948861
48 25 1 1.98259250575198 0.519570987850979
49 25 1 -0.915054372769726 0.382826100841947
50 25 1 0.00583546699469691 0.199226179412467
1 26 1 -0.21958797992268 0.678129020727596
2 26 1 -0.539288470845546 1.47823363389417
3 26 1 1.42234418889662 -0.55207708570182
4 26 1 -0.782206358877309 0.766366578599041
5 26 1 -0.602240333190732 -1.53738619956
6 26 1 -0.363416207986137 -1.06485304423196
7 26 1 0.372540956390353 -0.109339069231594
8 26 1 2.00002836887176 -0.433596318042443
9 26 1 0.478231339058609 -1.25231124652475
10 26 1 1.65422318375966 -0.0262544876948799
11 26 1 1.29952310581623 0.600383117395958
12 26 1 -1.20672244525243 -0.468058082085658
13 26 1 -1.02165649608111 -0.636352666109399
14 26 1 -1.52397140095213 0.390065029394557
15 26 1 -0.36234843906179 -0.838704616179574
16 26 1 -0.812106699456976 0.13008802253459
17 26 1 0.689074139896602 0.638193898463736
18 26 1 0.914098454314688 0.85821223327481
19 26 1 0.483453960868602 0.034365272963778
20 26 1 -1.14609100756808 -0.61817228106527
21 26 1 -0.653336748117136 1.55191370394788
22 26 1 0.230666679367464 -0.630340266333517
23 26 1 0.199290026201229 1.51529919110478
24 26 1 0.464228986621704 0.423209830452869
25 26 1 -0.680905330921647 -0.259317179737718
26 26 1 -1.44667537278689 -0.502265218114073
27 26 1 0.522615759515401 0.78398016570053
28 26 1 -0.953327139953065 1.28889697509567
29 26 1 -0.232797088538314 0.0751478862161389
30 26 1 0.892052949392673 -0.781818034432606
31 26 1 -1.76161744781555 -1.56313273084947
32 26 1 1.3643372942558 -2.49993988982139
33 26 1 -0.524425163333326 0.180577468777738
34 26 1 0.0851559937378636 -1.27607313307405
35 26 1 0.513142609939432 -0.0218291979919454
36 26 1 -1.38964172741456 -0.996540393227618
37 26 1 -0.717318096842775 1.09417788808271
38 26 1 0.57820837229412 -1.59109484610063
39 26 1 -0.196994499341751 0.465801216439149
40 26 1 -1.49595124894 -0.358382189393877
41 26 1 0.295477632938176 0.253796129169102
42 26 1 -0.34971073662071 -0.479669867027425
43 26 1 1.99647288127665 0.482720980063785
44 26 1 0.462784977083171 0.212705574514986
45 26 1 -0.626376516111035 0.330821719327712
46 26 1 0.734354416600141 -0.704960054672296
47 26 1 1.15904781158241 0.631062810869454
48 26 1 0.461202335472728 -0.343010602596761
49 26 1 -0.799342199143554 0.446665448002359
50 26 1 0.765801208706426 -2.68440910152039
1 27 1 -1.03316817999533 1.02813817797712
2 27 1 -0.713762137720708 -0.0596088423611042
3 27 1 0.170753620454572 1.13519896057529
4 27 1 0.430964924800508 -1.62598901569647
5 27 1 -0.892836757028587 0.857454793351869
6 27 1 -0.363754911803257 -0.105226235184537
7 27 1 -1.31598709424045 -2.38766916468647
8 27 1 0.0732409023008174 0.700791552823241
9 27 1 0.82362297140086 0.666544290391369
10 27 1 0.676313783686641 0.311456726876507
11 27 1 -0.239624757474382 0.769870125196323
12 27 1 -0.00171431521238024 0.333895847311655
13 27 1 1.0959713138672 0.408961549529555
14 27 1 1.55269901228917 -0.0368835798399063
15 27 1 1.01256429812686 -0.204492740796561
16 27 1 0.557390164919179 -0.268403502027496
17 27 1 1.45456405915354 -1.23988066700623
18 27 1 0.813291119143207 1.88999531728232
19 27 1 0.360336942928721 -0.350359385110591
20 27 1 0.106075798071646 -0.68399611591114
21 27 1 -1.4740222233023 -0.560917241196922
22 27 1 1.13045589134998 1.0324738955856
23 27 1 0.892631344948799 0.161946645907002
24 27 1 0.764811161673498 0.13138480326447
25 27 1 -0.677004806055309 0.746599963857821
26 27 1 0.299005341168092 -0.0730900984124408
27 27 1 -1.38221805813951 -0.169465496011506
28 27 1 0.610618178875956 1.24795564580431
29 27 1 0.650086487222946 -0.308490805094413
30 27 1 0.845256324901148 0.53148743498897
31 27 1 -1.84061567272821 -0.404738424944652
32 27 1 -0.749691252353614 -1.81217490840571
33 27 1 0.929212191963792 -0.100258128139098
34 27 1 0.355136942641984 -0.626216126739543
35 27 1 -0.803601308207935 -0.574435203265074
36 27 1 -0.520147425589641 0.717372333395336
37 27 1 0.730700372912222 1.16803045750291
38 27 1 0.113886932594679 -0.403616703322692
39 27 1 0.590783003456249 -1.27947185198696
40 27 1 -0.942570798184891 -1.38347574826049
41 27 1 -0.325967103202438 1.537100805659
42 27 1 -1.03280362891506 -0.73827305935637
43 27 1 0.32614772380714 0.554325287844683
44 27 1 -1.66156670483888 0.191024362230245
45 27 1 0.594159755765552 0.463575795125894
46 27 1 -1.64217482301799 -1.40032535333436
47 27 1 0.775571259132976 -0.549164689970009
48 27 1 -0.838054321529238 0.535655129395068
49 27 1 0.0221075812264986 -1.33198029672002
50 27 1 0.15641715655504 -0.490163476733732
1 28 1 0.291389890544639 0.577293097202971
2 28 1 1.80342509955274 0.228390624736069
3 28 1 -0.558338943953599 -1.54918887616215
4 28 1 -1.01175052199418 -0.569916599437336
5 28 1 1.75244269092959 0.310193438216989
6 28 1 -0.980714257049968 -1.53421576386737
7 28 1 -0.485771484736998 -1.61179079827789
8 28 1 -0.218884127087354 -1.1941313271956
9 28 1 0.670683567746017 0.328499252290176
10 28 1 0.411240323095347 1.45744835938621
11 28 1 -1.4517449854872 1.35384590903646
12 28 1 -0.760774836306572 1.94739605981406
13 28 1 1.10091148278869 1.25181403399933
14 28 1 1.54362147700208 0.49607417069279
15 28 1 0.21656002405691 1.14637271618798
16 28 1 0.434054230072203 1.53421044378985
17 28 1 -2.23430938691216 -1.54489352278688
18 28 1 0.711532170312148 0.690098792749048
19 28 1 -1.80269897764224 0.50532449767295
20 28 1 0.0683480584102397 1.10105727013721
21 28 1 1.72806383201 0.253674824865516
22 28 1 0.146576926155218 1.25850253942159
23 28 1 0.837583223910519 0.973977349321307
24 28 1 0.747251338044544 1.2831700115936
25 28 1 0.137527577585758 -1.10580965123679
26 28 1 1.02261303813298 0.0307746607683293
27 28 1 0.531626940288889 0.953799760786795
28 28 1 -1.14352857591065 2.08054742695154
29 28 1 -0.230600056931376 -0.848807805325114
30 28 1 -0.696852817471994 0.176938025399314
31 28 1 -0.697887230875472 -0.294232205705285
32 28 1 0.245062441627929 -0.787948593454926
33 28 1 1.52479075374773 0.232444216829156
34 28 1 0.340975877747799 1.19134622426533
35 28 1 -0.803086154347532 0.0729281182418888
36 28 1 -0.222354502035506 0.265876692786446
37 28 1 0.238582937005132 0.747908261628068
38 28 1 -1.08900606310784 1.57229125620979
39 28 1 -0.0304117103130831 1.69908315716065
40 28 1 0.256159919886879 -0.295624301699735
41 28 1 -0.344352852819639 0.739498341600963
42 28 1 -0.0153968757714315 -1.04478050703491
43 28 1 -0.747070392806079 -0.556384229230486
44 28 1 -1.76391746368225 -0.305220835376223
45 28 1 1.02052571410027 0.907383060188807
46 28 1 0.00248097597360213 -0.351556198952491
47 28 1 0.0817693576030555 0.678290128138207
48 28 1 -0.974884764144188 1.20184625063728
49 28 1 1.26433529755755 0.511023902274876
50 28 1 -0.251245182971423 0.591276947006488
1 29 1 -0.4004362823881 -0.488596806149391
2 29 1 -0.128510687250319 1.63516779799836
3 29 1 -0.876160422174973 -0.5329777336707
4 29 1 -0.272195968250111 -0.0621468077577687
5 29 1 1.56494124751539 -0.538029304318046
6 29 1 -0.984964147526959 0.127709330781874
7 29 1 0.82994661800289 -0.907807915924385
8 29 1 -0.3495575633593 0.500505211027583
9 29 1 -0.809819264061648 0.398463806280828
10 29 1 0.48615530656741 0.604570903108773
11 29 1 1.24867702909398 0.611568676305144
12 29 1 -0.386817756932463 -1.47745466789421
13 29 1 1.16998053317657 2.27804392868
14 29 1 -0.671183991306755 -1.90123832318705
15 29 1 1.1240755337061 0.436057584294489
16 29 1 -0.0287851469649635 1.07693159847166
17 29 1 1.5689829925739 -0.639952596545347
18 29 1 -0.535843580434479 -1.67203856372557
19 29 1 -0.565110857538731 -0.20682944271555
20 29 1 -1.73346789590822 -0.187563806405854
21 29 1 1.64734016761892 0.645145845180462
22 29 1 -1.70455505977491 0.535463427919887
23 29 1 0.334485761050365 0.696167288802953
24 29 1 -0.371879473348022 -0.12362339413975
25 29 1 -0.965589157871536 0.23197798508355
26 29 1 0.627546533519945 -0.168995522545218
27 29 1 -0.551202640765287 -0.719029557073877
28 29 1 0.325044519381415 -0.136671958576212
29 29 1 -0.207998751956495 -0.12994108409036
30 29 1 1.07596350258674 0.854204347705525
31 29 1 -0.353846813515058 -0.385118489421811
32 29 1 -2.05385324422493 0.284021016689459
33 29 1 -1.10878259478417 0.832925567530372
34 29 1 -0.586690692908925 0.548075105576223
35 29 1 0.969771712334369 -0.216780991381083
36 29 1 -0.223481027374751 0.610571803160644
37 29 1 0.328804998923085 0.847950470066267
38 29 1 1.37826149877547 2.00600882083558
39 29 1 1.18332249794838 0.955681686068677
40 29 1 -0.759889873410205 1.37291906657569
41 29 1 0.128033280079781 3.17467961477275
42 29 1 1.51016606537747 -0.10423990759668
43 29 1 -1.27110963323434 -0.539026821134111
44 29 1 1.65969474229265 0.857042934875876
45 29 1 -1.43910129952343 -0.380071655488489
46 29 1 1.4214323281313 0.342144397000421
47 29 1 -1.33854504801377 1.16755944201263
48 29 1 0.0500191875491181 0.356269686268288
49 29 1 0.330326646439442 0.516257964002423
50 29 1 -0.304656773792942 -0.379984768455273
1 30 1 1.1733966384524 0.421390943329316
2 30 1 0.168593375847812 0.312029173721981
3 30 1 0.117197245279899 -0.535337065185266
4 30 1 0.568671327832601 -1.46958922843165
5 30 1 0.445957467836549 0.4241653846072
6 30 1 -1.19633729068585 -2.3116971954598
7 30 1 -2.57209965467499 -1.61468449358163
8 30 1 1.5086171280483 0.246713509152411
9 30 1 -0.111494834186894 -0.263674523071127
10 30 1 1.76453580902255 0.601581709591716
11 30 1 -1.50854484362042 0.294668039471929
12 30 1 0.488592643275116 0.289873381807294
13 30 1 0.526838676222406 0.206557994800783
14 30 1 0.685436793837235 -0.353863882021653
15 30 1 -1.18481570499596 0.944887145283249
16 30 1 -0.314690403155839 0.0240184389886318
17 30 1 -0.472692081247159 0.33347210629417
18 30 1 1.08310909583512 -0.244387187566137
19 30 1 0.0470692392531276 -0.312562933171062
20 30 1 -0.757330247112323 -1.9309886408934
21 30 1 0.230979288673348 -0.247540678940782
22 30 1 -1.05933716788692 -0.686353133769877
23 30 1 1.13882088618251 0.0253122965972585
24 30 1 -0.31641650047799 -0.737098024117214
25 30 1 -0.765233120920815 0.324537079988397
26 30 1 0.0359117263087367 -1.93102679993656
27 30 1 -1.48697399490987 -2.94972295062424
28 30 1 1.61381972437501 0.517799798771088
29 30 1 1.3293751680944 -1.22602950310449
30 30 1 -0.850007875413053 -0.999228357517201
31 30 1 -0.400829156757512 0.529102044419861
32 30 1 -0.355054808942483 -1.37433833056376
33 30 1 1.24638318734839 -0.956055584770601
34 30 1 -0.0448093178227388 -0.0428491004463403
35 30 1 1.42461785226224 1.50097108204162
36 30 1 1.64276496432004 -0.0128791649221157
37 30 1 2.08722883373152 1.03608838706381
38 30 1 -0.535757952672391 -0.633271760916478
39 30 1 -0.655443743704529 0.17089423526771
40 30 1 0.0462405026922265 0.933330272187413
41 30 1 -0.452118689783552 -1.54996118441801
42 30 1 1.73737361022103 -0.552695007972881
43 30 1 -1.19851866494226 -0.483854908329205
44 30 1 1.38183105930523 -0.343099281577552
45 30 1 -0.667912375876133 -0.940402884225399
46 30 1 -0.451396735242388 -0.829986812946787
47 30 1 -1.65798502198316 -0.725899432924595
48 30 1 0.410621878434806 -0.181658072994253
49 30 1 0.260396074881607 0.218358739349232
50 30 1 0.309512090774009 -1.33292615908743
1 31 1 0.656035883437464 1.15744110343069
2 31 1 1.35267387899723 1.94545941779742
3 31 1 -0.954154229718796 0.254774173059257
4 31 1 -0.746496310852139 -0.405382336229727
5 31 1 0.975718187474964 1.60955539234122
6 31 1 1.29216333863463 0.409532673967763
7 31 1 0.238647915287741 0.600427114070345
8 31 1 1.89238866313342 0.462678320579109
9 31 1 -0.9336540668422 -0.983813462206449
10 31 1 0.270729020998101 -0.13237057408042
11 31 1 -0.243402275323708 -0.878960058045041
12 31 1 1.39613854517464 -0.138084309316019
13 31 1 -0.628624428935933 -0.615276302935182
14 31 1 0.0368602260806087 -0.474194366211202
15 31 1 1.91385220965709 2.47480610897073
16 31 1 -0.838585299550941 0.234001917551102
17 31 1 0.647886969507606 -0.252402792354754
18 31 1 0.459493208265862 0.227038019375917
19 31 1 1.03583193793892 1.89264891702516
20 31 1 -0.680920643868616 0.0207916628696107
21 31 1 -0.866589470949889 -0.357177243598551
22 31 1 -1.35373458294114 0.466860565114445
23 31 1 -0.182744086752407 1.06918873717887
24 31 1 0.14931585164467 1.12818871645042
25 31 1 0.447097543781602 -0.0353055661312695
26 31 1 0.0425804188528057 -1.20673387759973
27 31 1 -0.791889022863185 0.551925872426278
28 31 1 -1.55021654475394 0.999803170931244
29 31 1 2.07265017742566 0.0335930345717529
30 31 1 1.04759071984903 0.60405461353111
31 31 1 1.08736893605363 1.08363018420456
32 31 1 -0.921177516017207 -0.839420187557503
33 31 1 -0.655153642206339 0.48855115288814
34 31 1 -0.0702733198801148 0.421731184886894
35 31 1 -0.777636933678179 1.12676121905693
36 31 1 0.0194562108239259 0.0789406435790369
37 31 1 0.0225579807781723 0.534665344420162
38 31 1 -0.532445208059375 0.402500631068808
39 31 1 -0.353278168680158 0.123819030456207
40 31 1 0.779390800330807 -0.587712157566883
41 31 1 -0.117959907909308 1.41863250596256
42 31 1 0.134183583211795 1.6446731233617
43 31 1 1.55830944359273 1.86574068272421
44 31 1 -0.617117940825802 0.552560181196141
45 31 1 0.620049977076071 2.59222684883422
46 31 1 -0.795612159279889 0.143460718909408
47 31 1 -0.639003199356419 0.216625710534666
48 31 1 -0.689574473013303 0.198432553676295
49 31 1 0.120637400588926 0.616405253342229
50 31 1 -0.624612112641194 0.508424455140291
1 32 1 0.147346322291186 2.73951790895995
2 32 1 -0.121097869341982 0.546188108903495
3 32 1 -0.142595990892733 1.41012262948902
4 32 1 1.06960264004519 0.914133231338867
5 32 1 -0.0058744704236076 0.448585271724068
6 32 1 0.419370367520718 -0.583100951779713
7 32 1 2.25151112996082 2.09040086533582
8 32 1 0.515246899725171 -1.10813152107125
9 32 1 -1.95768095432191 -0.00901585329680876
10 32 1 -1.72256340572346 0.639853096650207
11 32 1 0.464990464304544 0.023339437561237
12 32 1 -0.176863928135852 -0.0894617018404851
13 32 1 -1.14283762302402 1.48551591197827
14 32 1 -0.740208636981767 0.603651542129083
15 32 1 -0.264721953525593 1.23316711356995
16 32 1 -0.411190770777801 0.451116930963953
17 32 1 -0.72763836773504 -0.338428493484499
18 32 1 -2.15403039950219 0.850069861151673
19 32 1 -0.295166503137352 2.10471936142549
20 32 1 0.619022758035488 1.78530803448575
21 32 1 1.20792881754458 -0.152232006618939
22 32 1 1.02259898164766 1.59335928181974
23 32 1 -0.545618468673273 0.514219359726224
24 32 1 0.16055923500417 1.75816320738188
25 32 1 -1.07931664766494 -0.325909860478103
26 32 1 -0.2657980583241 -0.959673691721269
27 32 1 1.89999270468878 1.42601102991542
28 32 1 -0.850634020626551 -0.22229585146824
29 32 1 -1.92603631101694 0.795392496941073
30 32 1 1.00104064599571 0.513227093514088
31 32 1 -2.53648312740287 -0.451952349157203
32 32 1 -2.37495875713574 -0.733564351035688
33 32 1 -0.455581464610447 0.539501251396517
34 32 1 -1.26476597451545 -0.441872635236813
35 32 1 0.832032949991218 -1.37425204862377
36 32 1 0.183536388218034 -0.310336886628026
37 32 1 -1.56460670500756 0.560138236501363
38 32 1 -2.30405892299167 2.72686213509991
39 32 1 -0.123935964091611 -0.676862388566678
40 32 1 0.229239125436373 1.11549161935727
41 32 1 0.0128823234562349 0.746754960438072
42 32 1 0.658900442762448 0.0953720940199141
43 32 1 0.602488738572258 0.0659538392931949
44 32 1 -1.3825443849551 0.116301940116835
45 32 1 -0.800501606297965 0.876818781036039
46 32 1 1.11056402783638 -0.293213819553464
47 32 1 0.735329167192195 1.14591796750762
48 32 1 1.62921619600899 0.746875712448748
49 32 1 -0.725511186282715 1.86033470714749
50 32 1 0.192491283102495 0.665189542835519
1 33 1 -0.993362183289315 1.1481366132437
2 33 1 -0.0166825553078415 -0.921182321427802
3 33 1 -0.720735882078297 -0.0329281245182361
4 33 1 0.223026309521993 -0.865166690647838
5 33 1 0.636339761206851 -0.139595734299568
6 33 1 0.644227300631984 -0.914666168441738
7 33 1 -1.52440174792655 -0.719388368897133
8 33 1 0.509183325184224 0.654052899334359
9 33 1 -0.595949162179419 1.28323009509736
10 33 1 -0.117662143268555 -0.294075692805185
11 33 1 -1.28627380716947 0.0499993770244146
12 33 1 -1.82904466138149 -0.764524213214658
13 33 1 -0.905390430849752 0.0718582526594196
14 33 1 -0.0796567288003541 0.54965619644273
15 33 1 0.869347434326032 -0.865067544444653
16 33 1 1.1913626579094 2.43684326526066
17 33 1 1.29319130646715 1.19182895297468
18 33 1 -0.778087062216263 0.682642229513991
19 33 1 1.57386771185708 0.581485144005323
20 33 1 -1.52034634583022 -0.347264282864496
21 33 1 0.632889817437947 0.440070799445304
22 33 1 -0.582972397618377 -0.369771731199638
23 33 1 1.32621822843936 -0.0157679916971005
24 33 1 0.0346044408669428 -0.909993151851855
25 33 1 0.155057207936424 -0.517330291024875
26 33 1 0.971637111341202 -0.905294618310156
27 33 1 1.46686603126227 0.693505295518879
28 33 1 -0.647541249830422 1.00404705355812
29 33 1 0.39051628546874 -0.651355669900629
30 33 1 0.679302794093755 -0.314544065580272
31 33 1 -0.099700127852906 0.0439750100130351
32 33 1 0.750294433666438 -0.813273971253078
33 33 1 0.515914078834509 0.116027031086155
34 33 1 1.33362653566558 0.468123865454679
35 33 1 -2.1480508356327 -0.979895609650393
36 33 1 0.820389087967747 0.115725433564293
37 33 1 0.568027052798199 1.12833424326452
38 33 1 -1.56212889616469 0.938922682927124
39 33 1 0.0663050031458967 0.256470058869898
40 33 1 -0.637858617264198 -0.345502153368188
41 33 1 0.930242405364219 -0.769670118200713
42 33 1 -0.167189524619732 -0.439702388277927
43 33 1 1.37699330156813 1.86258222917973
44 33 1 0.736471736328957 -0.405895451499894
45 33 1 -0.749584334777371 1.13459227491701
46 33 1 0.279533809060939 -0.660902682727348
47 33 1 0.170277350855809 -0.430678882680819
48 33 1 -0.400837603528534 -0.749887142114444
49 33 1 -0.161523288494059 0.780139419369346
50 33 1 -1.51652055925089 -0.568937888077514
1 34 1 -1.51110988806232 0.400762243394794
2 34 1 1.71254124842413 0.942281709769047
3 34 1 -0.0283676490868 -1.51156788976843
4 34 1 -0.55927805360575 -0.187098324549025
5 34 1 1.40616670666166 -0.909154207852589
6 34 1 0.689627816704911 -0.178816232774398
7 34 1 0.650592720460423 -1.37704533380436
8 34 1 -0.388342175625524 -0.865042276833285
9 34 1 -0.932975773884549 0.745962737203245
10 34 1 0.943620343210883 -0.97466242623979
11 34 1 2.85755012337417 1.09326651099944
12 34 1 0.0100888092402551 -0.469013356613658
13 34 1 -1.56106470436012 -1.57546788115504
14 34 1 -0.972294535455599 -0.47775153095835
15 34 1 1.3347912872749 1.52461039727353
16 34 1 -0.044057154617807 1.46661880537678
17 34 1 -0.899785060916755 -0.844601097459946
18 34 1 0.552800773209231 -1.00600670501306
19 34 1 1.18437471247383 0.372616286014667
20 34 1 1.13004102441315 0.889513387879212
21 34 1 -0.349931558294735 0.470321258529839
22 34 1 1.69076206721328 0.328787592431188
23 34 1 -0.0126374076949928 -0.839921010538283
24 34 1 0.6602638935435 -1.01421740386409
25 34 1 1.28865980852065 0.544681443974297
26 34 1 -0.0188925381469445 -1.47591165982537
27 34 1 1.04899156115442 1.60002647838472
28 34 1 0.344420101611002 -1.9442316226926
29 34 1 -1.02095321061995 -0.801453201457242
30 34 1 0.354486842112893 -0.0222609633370338
31 34 1 -0.0849511378879288 -0.400364118323501
32 34 1 1.32584399782566 -0.545103924652358
33 34 1 -0.665815372292277 1.75489733221313
34 34 1 -1.62675231955537 -0.840362417295379
35 34 1 -0.113793955495496 -1.46665954279027
36 34 1 -0.426550988071302 -0.232234176409851
37 34 1 0.38045973374594 -0.815348003810374
38 34 1 -0.753795608480879 0.655339959867545
39 34 1 1.81684708340709 -0.105025133847284
40 34 1 -0.463534030819627 0.272530140369049
41 34 1 -1.19994191497058 -2.52116164101326
42 34 1 0.301818648269229 -1.30798133731661
43 34 1 -0.106728740748418 0.49787997367217
44 34 1 0.525630526812519 0.694420929229769
45 34 1 1.17337447738925 0.454633617124779
46 34 1 0.121634949067155 -2.57873136111948
47 34 1 0.731309268449992 -0.0847078349134045
48 34 1 -1.59540393232713 0.203620330863749
49 34 1 -0.665317132250201 -0.365233837337497
50 34 1 -0.656698260885538 0.0975805501189081
1 35 1 1.75741428163998 0.811218686985339
2 35 1 0.830324196082876 -0.46607671592259
3 35 1 0.98031366478348 0.414464588415205
4 35 1 -1.95516155026776 -0.797398196698242
5 35 1 0.971541376637924 -2.45197328832895
6 35 1 -0.984591657979149 -1.98847029703721
7 35 1 0.135402146690717 0.128521059670399
8 35 1 1.31343756308825 -0.134883706554448
9 35 1 -1.21588127390252 -0.0541013212585886
10 35 1 0.144029718209333 1.39879716610171
11 35 1 0.830633616482748 0.637108172657496
12 35 1 0.210583760469757 -0.128084056552058
13 35 1 -2.23447948209621 1.51432541010127
14 35 1 0.13348551742897 0.303432982143353
15 35 1 -0.592241517980003 0.00389223013828956
16 35 1 0.681953131356059 1.00243283393801
17 35 1 -1.36901031187921 -0.751708627293612
18 35 1 0.172258236230631 0.342579107167214
19 35 1 1.10408370551296 0.823532601429634
20 35 1 -0.341086094194871 -1.54544767214933
21 35 1 1.29886657483319 0.424864362571116
22 35 1 -0.212191010932306 0.0126990157804348
23 35 1 -0.173838843135891 -0.336707905440939
24 35 1 -1.14570835005896 0.248349189302838
25 35 1 -1.54176523826129 -2.97088436850518
26 35 1 -0.824358837778381 -0.0570746026780578
27 35 1 -0.207464095513656 -0.992754253617124
28 35 1 -1.48189729813345 -0.38360912024588
29 35 1 -0.347116394520341 -1.5043011605814
30 35 1 0.208753035954931 0.612138663827026
31 35 1 2.14939151471407 0.61928839670956
32 35 1 0.0526950425065845 -0.156045880931816
33 35 1 0.414519118595012 -0.807465988598671
34 35 1 0.597330493114565 -0.37743666320474
35 35 1 -2.11342175593247 -1.18275879047656
36 35 1 -0.134591020839207 -0.644975196087418
37 35 1 0.20213210433213 0.850182165851948
38 35 1 -0.865759759261453 0.503609072648581
39 35 1 0.842008147295418 -1.50679016040146
40 35 1 -2.37816388959454 -1.15918336548713
41 35 1 -0.314084010283314 0.114061296613245
42 35 1 0.916482345317408 -0.367555514540795
43 35 1 0.206737981389011 -0.0276925137632462
44 35 1 0.756026291289264 1.37619566933208
45 35 1 -0.659498029647399 -1.18268293533197
46 35 1 -0.816854453682487 0.463477796926469
47 35 1 -0.348167135552796 0.418763625790418
48 35 1 -0.220531662281659 0.349086406497409
49 35 1 1.53609610675283 -0.31599482322372
50 35 1 0.00711442195071727 -1.2037784870583
1 36 1 -0.212637635609101 -0.802686554863793
2 36 1 -0.202928210698431 0.192189228989069
3 36 1 -0.858139367077988 -1.14603093662368
4 36 1 0.299890097616495 0.411160292731373
5 36 1 0.406858548887548 1.05689971674363
6 36 1 0.268036560158204 0.214540899646769
7 36 1 -1.02452156328552 -1.2299013485404
8 36 1 -1.34386300836518 0.797946004508913
9 36 1 -0.176613055350785 0.578814135729692
10 36 1 -1.21543157139974 1.19232123164111
11 36 1 -1.40933384384387 -1.2084628293223
12 36 1 -0.474387417714113 1.06907114436177
13 36 1 1.00928303795641 -0.387707129777588
14 36 1 -0.884543915487911 0.408452658468454
15 36 1 -0.835314145654576 -0.109891196963365
16 36 1 1.66828715112346 0.21641486069293
17 36 1 -0.078291441685293 0.397598914708534
18 36 1 0.0113404665115646 -0.178612851414826
19 36 1 1.36902859187945 0.305251819555551
20 36 1 0.923448489145328 -0.703192179244109
21 36 1 -1.52997270154797 -0.80573010376236
22 36 1 -0.759774920528056 0.269935600626489
23 36 1 0.584463862936494 -0.574820736048006
24 36 1 -1.28758255231022 -1.66450189553378
25 36 1 1.13832848837477 -0.0655392009614501
26 36 1 -0.373429478398908 -0.293528613655778
27 36 1 -0.632032004837899 0.485009408635213
28 36 1 0.216433480451691 0.319487214772744
29 36 1 1.36453831756359 0.537690011172115
30 36 1 -0.0460231095208398 0.538133252898955
31 36 1 0.717867399820221 0.271880233500695
32 36 1 0.408589678622407 -0.519505113369464
33 36 1 1.25698206270867 -0.144711083569372
34 36 1 -0.4400160519638 -0.488311492173611
35 36 1 1.03612172675189 0.512949497324626
36 36 1 -0.0171654932886858 -1.67802827420861
37 36 1 0.0779147226506382 -0.0288962269701306
38 36 1 -0.155414015721893 1.20850645481978
39 36 1 -0.309405296068031 0.0524168553636539
40 36 1 -0.717805567114385 -0.332124143510301
41 36 1 -0.0877851154925971 -1.16913939517847
42 36 1 0.0398535299360811 -0.839345451663777
43 36 1 -0.179791264161202 -0.0866378493109033
44 36 1 1.24290459414791 0.523432968947503
45 36 1 -1.95196399785038 -1.03690723638543
46 36 1 0.713815222226728 -1.08856710239456
47 36 1 1.46614455227835 0.462720918654941
48 36 1 -0.416149252352973 -0.148318757438711
49 36 1 0.77281755366396 -0.00862818698056961
50 36 1 1.38717180732351 0.0643813485350797
1 37 1 -0.52530802504232 -0.490029855434223
2 37 1 -1.24550662669845 0.404128888230755
3 37 1 -1.07894944871567 -0.848541722974945
4 37 1 0.739169434469626 1.3454197208793
5 37 1 1.11090990188766 0.758477598544464
6 37 1 1.14122377326661 0.942989971935581
7 37 1 -0.462382901240507 -0.173866556754793
8 37 1 -1.35197026453172 2.0798468736912
9 37 1 0.735814082304509 1.63953619625423
10 37 1 -0.0436271322893878 0.824918979187778
11 37 1 -0.553547076192276 0.714883968653607
12 37 1 -0.726215619699071 -0.467679378722847
13 37 1 -0.497270633577387 -1.63378364499277
14 37 1 1.30118010126044 -0.445669885102994
15 37 1 0.275892546738653 1.17167979943239
16 37 1 1.8121696856934 1.79503276798996
17 37 1 -0.247677005949495 -0.961136223935649
18 37 1 -0.547877249003513 -1.80985265140837
19 37 1 -0.312178857518959 -0.520812540876766
20 37 1 1.83937111573691 1.37341294942609
21 37 1 -0.469386304504016 -0.0544058794878631
22 37 1 0.439832828530229 -0.206001337674893
23 37 1 -1.06736208821647 0.843760387786125
24 37 1 0.0219779035166995 0.0385077128774611
25 37 1 -0.237707845441021 -0.188936091488394
26 37 1 0.303571325579704 0.0637450509401544
27 37 1 0.518783615975256 1.26713035004403
28 37 1 -0.130054175285576 -1.54828590956612
29 37 1 -0.283008244273794 -1.22773772801385
30 37 1 0.272986891174268 0.441828145147041
31 37 1 1.30525621433971 -0.911327787227638
32 37 1 0.0893700079552273 -1.59149024039113
33 37 1 -0.588988668639003 -0.743867300797159
34 37 1 -2.39182175187926 0.0364467359196689
35 37 1 -0.0539835472682648 0.0631321699352482
36 37 1 -3.62549948266256 -3.81168492517244
37 37 1 -1.42161227039551 -1.21954203845535
38 37 1 -0.340736769757356 0.525200849334172
39 37 1 -0.970020499070276 -1.47967121800298
40 37 1 1.74245231204561 0.149415891788236
41 37 1 0.322727452685143 0.805715843575869
42 37 1 1.37702562029442 -0.668539818129865
43 37 1 0.316402272575564 0.279384819165305
44 37 1 0.146348619952665 -0.847050642375132
45 37 1 0.587009571662295 1.26355805541001
46 37 1 -0.832580012398497 -2.53226705426266
47 37 1 -2.114439797579 -0.82658732955526
48 37 1 0.3303813770809 -0.511146896836027
49 37 1 -0.35628270951572 -0.750601423942949
50 37 1 0.449874543036891 0.130456844084154
1 38 1 1.52587936347537 0.78119691249124
2 38 1 2.04842374623075 2.28953610319645
3 38 1 1.0277170903976 -1.3035211137803
4 38 1 1.16711464623387 -0.101863868939621
5 38 1 -0.677134462036025 1.35317764639549
6 38 1 -0.263951871077748 -0.452033390307921
7 38 1 -0.794334408360927 0.0635782141143714
8 38 1 0.742664386399218 1.97984063827356
9 38 1 0.851753715048281 0.847359173452509
10 38 1 -0.130737374477006 0.83273264752207
11 38 1 0.563139523292333 1.6574590280907
12 38 1 -0.961638323948902 -0.0983530429648021
13 38 1 0.279688350473167 0.0487533497162767
14 38 1 1.73578335104262 0.572901407768003
15 38 1 -0.954395022350975 1.58508728197932
16 38 1 1.77484726718185 0.46822238784461
17 38 1 -0.788486030490913 0.18311167886224
18 38 1 -0.570718302178476 -0.12209709325322
19 38 1 -0.449036679392521 2.10436105603767
20 38 1 0.178370167546167 -0.138585235401336
21 38 1 1.58261405707088 1.11870813844237
22 38 1 0.0793744075447182 0.727099353442531
23 38 1 0.427182443177399 0.246391412417609
24 38 1 -1.99656369023552 0.545726257294739
25 38 1 0.0346530207821193 -0.125355111075752
26 38 1 0.807707788258162 -0.284952289912236
27 38 1 0.0928892506038602 0.217250439546322
28 38 1 -1.27220310046091 -0.313030933424676
29 38 1 -0.742614749978179 0.455481997338986
30 38 1 0.42408993436481 -0.141706367502594
31 38 1 0.301187501528291 0.766263996341603
32 38 1 -0.079264360663785 0.668169183835988
33 38 1 0.923306578096644 -0.777270575101072
34 38 1 -0.347657069826795 -0.139125099728168
35 38 1 0.239840672961634 0.494585931798809
36 38 1 0.46440072411176 -0.548599884588443
37 38 1 1.1071990973525 1.06375195013606
38 38 1 1.0537573348957 1.32608605611336
39 38 1 0.692018174694186 1.1979965594788
40 38 1 0.25361620167285 -0.025820056323459
41 38 1 -1.12075767963917 1.69555571616136
42 38 1 -0.844256535227904 -0.735991076353737
43 38 1 0.532688131986354 1.70083315775733
44 38 1 1.13530169634204 1.52825019376543
45 38 1 0.876888664285803 -0.861976387938934
46 38 1 -0.0764966981313725 -0.374811056413884
47 38 1 1.58820787720707 0.129350941516029
48 38 1 0.300752907749654 0.795084792225141
49 38 1 -1.32889417160525 1.25258553091734
50 38 1 1.4799865366788 -0.610172231151691
1 39 1 -0.0570557991231002 1.49729718427581
2 39 1 1.60166299047851 0.31250803722404
3 39 1 -2.37384166863962 -1.14868144496734
4 39 1 -0.334797615668454 -1.43461692736289
5 39 1 0.572809065954819 -0.985387161502367
6 39 1 2.00497810730078 -1.52143825494199
7 39 1 1.27313172902112 0.984195456842078
8 39 1 0.0991330285872223 0.17032547553018
9 39 1 0.415907523825546 -0.0380613730973856
10 39 1 0.227818960809788 -0.664102240175985
11 39 1 -0.0042057567425239 -1.26733027398852
12 39 1 -0.961613866555809 -1.0244812293914
13 39 1 1.21588873471229 0.772993435865813
14 39 1 0.859482239952117 0.245970650631204
15 39 1 0.260678934831029 0.849943663214113
16 39 1 1.45654107996585 -0.860580726001672
17 39 1 2.67470455301808 -0.902712845545042
18 39 1 -0.769557287550012 -1.5129184336232
19 39 1 0.768191488000423 1.85725109374947
20 39 1 0.54516858372933 0.308536108839405
21 39 1 0.540728382225418 1.47210720327635
22 39 1 1.16708816084208 0.266153254170226
23 39 1 0.213416071179381 -0.811137176029254
24 39 1 0.35709769788132 0.158029421810538
25 39 1 0.072914400737932 -0.614187931500166
26 39 1 0.0778538461052491 -1.25841985369615
27 39 1 0.499911618207337 -0.527413008041297
28 39 1 0.93769976450038 0.692604659859097
29 39 1 0.192370382609414 -0.108901432063765
30 39 1 -1.24595921991005 0.268752413956301
31 39 1 -0.887349493309094 -0.818718944737321
32 39 1 0.236020879091512 -0.0589732186402568
33 39 1 0.0613658847049404 -1.90385247868232
34 39 1 0.104582750346355 -0.23990522515975
35 39 1 0.527723031616653 -1.47875016656713
36 39 1 1.97336536807813 0.521265567762459
37 39 1 -0.512464947142038 -0.349984595267412
38 39 1 -2.39978814328343 -1.60508512057558
39 39 1 -0.630047838808072 -1.95390594199653
40 39 1 0.817332318469144 -0.253885857988614
41 39 1 0.110110963912895 -0.264602208508554
42 39 1 0.793782702713033 -0.00764839914217796
43 39 1 -2.2432464997913 -0.716342611755641
44 39 1 -1.57881963607618 0.70001823701234
45 39 1 1.24897388435432 -1.04805647667858
46 39 1 -1.12864648876102 -0.849396409348969
47 39 1 0.609945767305137 -0.238530796394602
48 39 1 -1.11515074352889 0.187235827620189
49 39 1 -0.760637073828918 -0.700835147441717
50 39 1 -2.14248284909558 -1.35975762788499
1 40 1 -0.795655197533416 -0.77139596388396
2 40 1 -2.15692452030293 0.0493722175713261
3 40 1 -1.63600264005676 -1.31164888831568
4 40 1 -0.275768414714434 -0.837021984918555
5 40 1 0.51212333925327 0.212632241145063
6 40 1 -0.4908567210085 -0.426963353131347
7 40 1 -0.619467146126673 0.772310289143288
8 40 1 0.109359835865506 0.00259465755939142
9 40 1 -0.181357037858338 0.218821354553698
10 40 1 0.0538929316963469 0.619869466384053
11 40 1 0.993265189932672 0.818672560360892
12 40 1 1.37345610856034 -0.122118489990742
13 40 1 -1.16799334838978 -0.442412350476641
14 40 1 0.116269877035414 -2.36490121862073
15 40 1 -0.190932228422164 0.542469666025285
16 40 1 -0.325588789537816 1.00146119781801
17 40 1 0.0215719657768329 -1.46508507971078
18 40 1 -0.358882403990845 0.0048453739439849
19 40 1 -0.270004516900937 -1.2347535993193
20 40 1 -1.13448171911725 -0.915785956355431
21 40 1 0.511055934419336 -1.94656664724509
22 40 1 0.738458014734479 0.143313219958189
23 40 1 -1.59447765528165 -0.846546120447801
24 40 1 -1.29948694011002 -0.494963190454251
25 40 1 2.17415177453167 0.109589011402768
26 40 1 -0.444544541211373 0.715809568264561
27 40 1 0.870657276712351 0.251883204434726
28 40 1 0.646000787299431 0.507238115673932
29 40 1 0.135073767026071 -1.34880479373871
30 40 1 0.207281248387518 1.31721774447455
31 40 1 0.307022716327329 -0.0444478396507594
32 40 1 -1.23419799333709 -0.452337105394036
33 40 1 -0.750794760571002 -1.02518342147199
34 40 1 0.569919643241027 0.0355150081928687
35 40 1 -0.767859193440452 -2.20488139450103
36 40 1 0.402267889501954 -1.05987279256164
37 40 1 -0.118958823840772 0.684531363772716
38 40 1 0.515051293931836 -0.442300934593954
39 40 1 -0.678145382253707 -1.49125549490099
40 40 1 1.81529970266591 0.828530060738365
41 40 1 0.935561397877358 1.99859296130786
42 40 1 2.47806272850052 1.52975361275511
43 40 1 0.897839458738075 1.10032160898171
44 40 1 -3.17873697158903 -0.617664766782136
45 40 1 -1.31561121875665 0.559179543611846
46 40 1 -0.0430794553394644 -0.460542301681473
47 40 1 2.15136658011953 0.323587276073069
48 40 1 -0.327191524945146 -0.998636410926327
49 40 1 0.0464265430617743 0.375861565409915
50 40 1 -2.42223837436683 -2.21845022255271
