1	20	1	50	0.124	0.724900402022
1	20	1	51	1.448	0.228810208035
1	20	1	52	0.003	0.957317302221
1	20	1	53	0.035	0.852429586992
1	20	1	54	1.247	0.264085384677
1	20	1	55	0.510	0.475022933192
1	20	1	56	0.833	0.361367542162
1	20	1	57	0.013	0.908243926267
1	20	1	58	0.038	0.844722471578
1	20	1	59	0.007	0.931238591964
1	20	1	60	0.145	0.703321011105
1	21	1	50	0.615	0.433041961935
1	21	1	51	0.217	0.641089320678
1	21	1	52	0.011	0.917714569195
1	21	1	53	0.208	0.648413297079
1	21	1	54	0.137	0.710944103145
1	21	1	55	1.231	0.267130575720
1	21	1	56	0.914	0.338979504775
1	21	1	57	0.504	0.477791194895
1	21	1	58	0.700	0.402822820666
1	21	1	59	3.388	0.065662193356
1	21	1	60	10.243	0.001371776855
1	22	1	50	0.378	0.538795345502
1	22	1	51	0.126	0.723003449120
1	22	1	52	0.474	0.491167869114
1	22	1	53	1.722	0.189419570577
1	22	1	54	0.008	0.927318742996
1	22	1	55	0.018	0.893319418598
1	22	1	56	0.029	0.864168482088
1	22	1	57	0.015	0.902002204259
1	22	1	58	0.644	0.422094641534
1	22	1	59	0.223	0.636807782261
1	22	1	60	2.365	0.124054219427
1	23	1	50	0.001	0.969939452316
1	23	1	51	0.087	0.767967744428
1	23	1	52	1.131	0.287606884005
1	23	1	53	0.639	0.424188404915
1	23	1	54	0.149	0.699520090763
1	23	1	55	0.804	0.370046981949
1	23	1	56	0.329	0.566450874029
1	23	1	57	0.107	0.743669329130
1	23	1	58	0.799	0.371295476473
1	23	1	59	0.152	0.696352580349
1	23	1	60	0.015	0.903164531222
1	24	1	50	3.227	0.072450346574
1	24	1	51	0.710	0.399538056238
1	24	1	52	0.377	0.538969741977
1	24	1	53	1.177	0.278016836458
1	24	1	54	1.870	0.171460828624
1	24	1	55	0.200	0.655103172646
1	24	1	56	0.898	0.343315374577
1	24	1	57	0.059	0.808274269533
1	24	1	58	0.212	0.645129594548
1	24	1	59	0.641	0.423255924175
1	24	1	60	1.027	0.310957486177
1	25	1	50	0.892	0.344838697446
1	25	1	51	2.268	0.132075597083
1	25	1	52	0.996	0.318173602534
1	25	1	53	1.088	0.296808843409
1	25	1	54	0.256	0.612766098532
1	25	1	55	2.191	0.138855976137
1	25	1	56	0.003	0.958595724946
1	25	1	57	0.038	0.845282296585
1	25	1	58	0.000	0.988342201521
1	25	1	59	0.499	0.480123466050
1	25	1	60	4.429	0.035323080828
1	26	1	50	0.384	0.535457996657
1	26	1	51	0.196	0.658310252666
1	26	1	52	0.840	0.359260512447
1	26	1	53	1.772	0.183180752229
1	26	1	54	0.065	0.799034789205
1	26	1	55	0.227	0.633744874193
1	26	1	56	0.009	0.923301205485
1	26	1	57	0.192	0.661061464180
1	26	1	58	0.002	0.964825749564
1	26	1	59	0.007	0.932935377674
1	26	1	60	0.118	0.731263008407
1	27	1	50	0.230	0.631349297954
1	27	1	51	0.020	0.886994564991
1	27	1	52	0.940	0.332290276995
1	27	1	53	0.068	0.793750044909
1	27	1	54	0.210	0.647124853350
1	27	1	55	0.511	0.474837308138
1	27	1	56	0.016	0.899460534560
1	27	1	57	0.844	0.358268357556
1	27	1	58	0.997	0.317999820260
1	27	1	59	0.054	0.816878693703
1	27	1	60	1.187	0.275883256085
1	28	1	50	0.070	0.791123781106
1	28	1	51	2.564	0.109345881972
1	28	1	52	2.560	0.109576703709
1	28	1	53	0.090	0.764612101284
1	28	1	54	0.127	0.721760202832
1	28	1	55	0.945	0.331043225267
1	28	1	56	6.165	0.013027030220
1	28	1	57	1.607	0.204939942001
1	28	1	58	0.511	0.474787824150
1	28	1	59	1.926	0.165225031253
1	28	1	60	6.867	0.008778074643
1	29	1	50	0.246	0.619880769523
1	29	1	51	0.023	0.880051466752
1	29	1	52	0.288	0.591550841448
1	29	1	53	0.352	0.552786663950
1	29	1	54	1.054	0.304542157633
1	29	1	55	2.897	0.088755918004
1	29	1	56	0.446	0.504468418436
1	29	1	57	0.043	0.835915771412
1	29	1	58	0.005	0.941458160844
1	29	1	59	2.955	0.085606790848
1	29	1	60	0.039	0.843595012150
1	30	1	50	1.816	0.177806019351
1	30	1	51	0.780	0.377184011744
1	30	1	52	1.512	0.218875292544
1	30	1	53	0.685	0.407904013646
1	30	1	54	0.000	0.983534083414
1	30	1	55	1.022	0.312004920072
1	30	1	56	4.025	0.044824003476
1	30	1	57	1.858	0.172838946257
1	30	1	58	0.371	0.542235436998
1	30	1	59	0.894	0.344302017429
1	30	1	60	0.009	0.923686096610
